id,0,1,2,3,4
0,0.46048410482200663,0.2550209679178672,0.09264347134013651,0.18306846838662894,0.008782987533360709
1,0.2144573299823798,0.09377571394832354,0.15913783958917127,0.40935822721272014,0.12327088926740526
2,0.10953203108534397,0.1380857538774629,0.21018462530745513,0.09253172311050928,0.4496658666192287
3,0.1701337946186212,0.258806328321025,0.1652078478001754,0.02604512336590703,0.37980690589427135
4,0.35143720711355136,0.3171316860446978,0.12056495681195056,0.1703091847316921,0.04055696529810815
5,0.009259189662689363,0.39514949242789327,0.252128453104349,0.17578897042659503,0.16767389437847335
6,0.6110421722035868,0.11530992476641821,0.14748900707235058,0.08060361580103681,0.04555528015660759
7,0.19082291472361557,0.2710308296534416,0.2932025551747671,0.20603633740163618,0.03890736304653952
8,0.4406535300915605,0.15390169744481563,0.15384741232195298,0.1646530843216416,0.08694427582002928
9,0.19442704955859114,0.06576042982167818,0.08385005257105421,0.030712681371135697,0.6252497866775408
10,0.06492509743189673,0.28067798112191167,0.2541091872966586,0.26334667257373134,0.13694106157580166
11,0.31744806670465187,0.07561200220890113,0.338925237273433,0.10447603117061754,0.16353866264239647
12,0.06585576947353365,0.04802237820281087,0.07118478717847276,0.47451915217871754,0.3404179129664652
13,0.48607533995239666,0.11191001989526056,0.24545560795690202,0.10875419044117796,0.047804841754262806
14,0.17228863710062559,0.05004919235708438,0.1347376604198806,0.3740473761409336,0.26887713398147584
15,0.12247191879489569,0.3446608166019932,0.11808234029023446,0.2656913140520475,0.14909361026082912
16,0.4137020879731621,0.30145548405246225,0.11008961571705655,0.03371221206034347,0.14104060019697562
17,0.02793429332768876,0.24171551849384382,0.37867955788475727,0.17933714062107886,0.1723334896726313
18,0.08178405022306245,0.12812235892926693,0.7055345189391217,0.04681200633558624,0.0377470655729627
19,0.08700298077817943,0.18279876582704996,0.3806164777792921,0.08761148381171735,0.2619702918037612
20,0.7556473230994681,0.01166570317748461,0.015154530841773317,0.0749386709398171,0.14259377194145684
21,0.08847102245719211,0.14344425195534022,0.41436228036798917,0.11717931631922729,0.2365431289002512
22,0.3633395149958603,0.28015438238357887,0.09669413784739156,0.1167339830876355,0.14307798168553376
23,0.24079195258360636,0.08898946842467553,0.05181485364499433,0.08160373186193876,0.536799993484785
24,0.051251407141441906,0.12108068795093652,0.4878143428567031,0.242037735979043,0.09781582607187544
25,0.02987770734498882,0.19893116394129598,0.22443858782263443,0.23502194997883913,0.31173059091224165
26,0.106216675383004,0.08991751037634624,0.24065258864306724,0.3796554206761144,0.18355780492146812
27,0.04124198857742717,0.22327775755296125,0.24801888900071944,0.3750729268409796,0.11238843802791254
28,0.5097400092711355,0.040489724483143474,0.06983486069796918,0.09637888038573295,0.2835565251620189
29,0.14603492838572957,0.197819158160212,0.1372082622729086,0.28014078763868294,0.23879686354246688
30,0.20710980652778496,0.1403921370265613,0.17642464935723523,0.212453118564344,0.2636202885240745
31,0.103788605489942,0.15875370578028714,0.05695390244137888,0.3992532693184318,0.2812505169699602
32,0.7686221086186071,0.03983529779815653,0.12130360804173634,0.04949042087264299,0.020748564668856995
33,0.46262180424901667,0.11094143533191858,0.3901561226382372,0.0200978708424826,0.016182766938344972
34,0.003988518697791536,0.016053574764842225,0.13073843140625263,0.23255141285874759,0.616668062272366
35,0.01566906774617406,0.03737953251588037,0.20354628522709162,0.28501301897927883,0.4583920955315751
36,0.1652732772276114,0.1964157517418366,0.12911105899588327,0.2269064296435821,0.28229348239108665
37,0.4162762003649039,0.2502458160525775,0.0924309686332766,0.09147530003913595,0.149571714910106
38,0.3538144132331051,0.13111781240312226,0.27980555334480844,0.21798591138523638,0.017276309633727838
39,0.005800570240591045,0.032819978809594086,0.7138665164101596,0.12512085867980682,0.12239207585984846
40,0.024947483682184326,0.03719824624693345,0.14630912076045494,0.06436002472900804,0.7271851245814193
41,0.08708045074607061,0.4576051426444966,0.11505383312392392,0.24208458129416133,0.09817599219134754
42,0.19335846556096165,0.4344515509156514,0.07179118651492422,0.12204314850336473,0.178355648505098
43,0.3150857896254872,0.06595230189957202,0.012825456176085659,0.034184066329423946,0.5719523859694311
44,0.08060750512981442,0.19154415964724036,0.31920982113788887,0.22122427174160508,0.18741424234345128
45,0.3341866405202487,0.04096107597415488,0.12050656552058792,0.1065616114432274,0.3977841065417811
46,0.0010930659536673082,0.05417198508247606,0.06592262091640994,0.2784503978613449,0.6003619301861018
47,0.2932527203108094,0.4856678222518862,0.152540721072997,0.03197748921754795,0.03656124714675946
48,0.09538593368033836,0.13956781509519212,0.08645968497226131,0.2014674476927824,0.4771191185594258
49,0.27017994223106906,0.3402491759542609,0.06917064536865525,0.06465582754806043,0.25574440889795436
50,0.4264359036642817,0.14040270174976383,0.139412737932204,0.22468938866257848,0.06905926799117201
51,0.35671491832103064,0.04408662373391553,0.17824711813234545,0.15979158793553583,0.26115975187717255
52,0.5014607860297556,0.10035591347663142,0.04464264038791488,0.13391472301874374,0.21962593708695433
53,0.3747420618534282,0.08512355330813753,0.3415993476997475,0.08811047591580079,0.11042456122288602
54,0.026298490310844556,0.29887961704138105,0.32841718283974963,0.1387404076439619,0.20766430216406284
55,0.12131581099405259,0.5227760475796563,0.2638079036937241,0.033120528406356375,0.05897970932621055
56,0.21026986241925305,0.3157151173880013,0.30451643996111744,0.12537830567823716,0.04412027455339107
57,0.09548773988778184,0.15455999938523332,0.30288581557738514,0.21972103497919637,0.22734541017040333
58,0.3340474179928974,0.05210784992063183,0.05063357332110774,0.2989561615546658,0.26425499721069723
59,0.45606898390206524,0.1224789806854833,0.19149531420207755,0.03499180123225121,0.1949649199781227
60,0.31426201788536884,0.07509121895165544,0.29159961482258434,0.24158431281800674,0.07746283552238464
61,0.32107763481028695,0.1247876119511323,0.16746088984785967,0.351472991425285,0.03520087196543609
62,0.15328123014728964,0.2283701710470187,0.14415628896161375,0.029137008014365473,0.4450553018297124
63,0.28946987367690813,0.2523913087786306,0.399846966022545,0.05124462523478712,0.007047226287129171
64,0.027424868341044215,0.11450048081762684,0.15690398502290942,0.31653147238084306,0.38463919343757647
65,0.01665746245183024,0.16302120783292157,0.24430054706702603,0.16806509243857876,0.4079556902096434
66,0.0328984305097168,0.2908990770230592,0.08524124024532376,0.07191587949464151,0.5190453727272587
67,0.006607295773643982,0.04430044005253238,0.09938601921177545,0.3715543314929384,0.4781519134691098
68,0.4684473993080468,0.15691748227728997,0.23727552585450096,0.04937590150856175,0.08798369105160053
69,0.035560485510483145,0.04283622195008985,0.06051201323201198,0.3142615516865974,0.5468297276208176
70,0.043376368427955274,0.2758287492383506,0.12441595782790665,0.2505292763563595,0.30584964814942794
71,0.38624205010256296,0.08896889353502818,0.3704639123789482,0.04487858213777418,0.10944656184568646
72,0.04590408554687531,0.3761858610279965,0.17407057990883584,0.2488448623326358,0.15499461118365654
73,0.2740795340860101,0.6238254321185932,0.092194033448736,0.009900988331453586,1.201520716254123e-08
74,0.06206713634978932,0.13877763937094895,0.323213690294654,0.11821959940898197,0.35772193457562573
75,0.24277379516466402,0.31777018204663976,0.09668389936945287,0.33489360818139846,0.007878515237844885
76,0.226387452012646,0.3975834345097444,0.08278108349765823,0.2185119710575032,0.07473605892244817
77,0.1830638370311003,0.3565339005081819,0.27662202238155476,0.12640281725988067,0.057377422819282375
78,0.028103607742255864,0.3505116491225695,0.31768343534823495,0.08168748326194086,0.22201382452499885
79,0.35436013200667354,0.2067823734677507,0.26057286600829477,0.1074964073452761,0.0707882211720049
80,0.14512168478676296,0.24844424903860202,0.24888660662071205,0.33037682279833813,0.027170636755584843
81,0.2940386520459099,0.09318040777576442,0.21013410021558626,0.036317223055469694,0.36632961690726973
82,0.08419945479297801,0.47481778255282286,0.10583561984678214,0.1619005814633414,0.17324656134407557
83,0.5053386151602267,0.10535335497070153,0.09334718832098654,0.2527231411755434,0.04323770037254182
84,0.4295739868604045,0.05440646775942154,0.08668276415461679,0.10100815106750338,0.3283286301580538
85,0.3651711536659867,0.23752990662982804,0.06608753932819966,0.31192487093995946,0.019286529436026156
86,0.04263978400089794,0.33603073188382704,0.1536037298284162,0.1808115534896555,0.2869142007972033
87,0.14644855184355143,0.05299122672122858,0.13861161222126867,0.5452552043158114,0.11669340489813984
88,0.056714502987429076,0.14935456848534104,0.06717164247620191,0.14288400669763962,0.5838752793533883
89,0.05815027217570919,0.27896426205089536,0.34569563666323,0.2801738007564728,0.037016028353692665
90,0.07466717858075853,0.22342794429556653,0.17882967218905516,0.45016247111325913,0.07291273382136065
91,0.020557303943031322,0.07093893622677223,0.07838947290502386,0.35497820585318357,0.475136081071989
92,0.09887126796166722,0.19384705499611316,0.5513074126356712,0.14749402617386176,0.008480238232686732
93,0.24377025639547414,0.18072860449467357,0.16073264283700822,0.2784985215852931,0.13626997468755098
94,0.03777500706745228,0.06412125898919988,0.03734857593471412,0.39323117293248083,0.4675239850761529
95,0.24626115647024022,0.13678407952200156,0.2013811693099969,0.14770042453452914,0.2678731701632322
96,0.23833120046144607,0.04804140841568205,0.2904622105207908,0.41804529964794535,0.005119880954135736
97,0.02743687134353984,0.10317770151070843,0.6800389635772613,0.17269794368392455,0.016648519884565838
98,0.14309237859576798,0.18102066954188997,0.06478503091041077,0.20036691736779721,0.41073500358413406
99,0.07350491613895134,0.15340817488982977,0.18433010756005436,0.08374501354098679,0.5050117878701778
100,0.1418110117110993,0.14394064932815417,0.34746267962918514,0.09499341691449192,0.27179224241706945
101,0.23770801000422004,0.1621073318972403,0.37714506313570445,0.06009754483782004,0.16294205012501517
102,0.32145239733382214,0.2542140656091092,0.04516806112264515,0.1312853990074212,0.2478800769270023
103,0.1874722047344397,0.45816134796701957,0.11556728673151284,0.08478559582677803,0.15401356474024985
104,0.29616550522712976,0.3161018384582525,0.17522588194684696,0.14311544449678926,0.06939132987098151
105,0.06789056409182716,0.14175688242078455,0.4389463536435593,0.2828532340916362,0.06855296575219283
106,0.24465244589227741,0.09254359292596726,0.14193150775116403,0.49925070482515255,0.02162174860543875
107,0.41145320901827076,0.15267254404580433,0.044468628837569524,0.11992464044039963,0.27148097765795576
108,0.34945539284128,0.3146543415756339,0.05449369020678474,0.1569499828564267,0.12444659251987467
109,0.5816677316499143,0.05388367508074232,0.030697081771592694,0.03785468937903347,0.29589682211871726
110,0.032121558311543584,0.3634711969983675,0.39253122497306275,0.07693397513219291,0.13494204458483328
111,0.1135159054346878,0.18858057783920495,0.38522472059809904,0.24579229989893836,0.06688649622906984
112,0.054045009607426864,0.17433314789463542,0.5672001819361092,0.15919921491934386,0.04522244564248468
113,0.2087254415193039,0.0588538436074198,0.10788514899522966,0.08135523164242453,0.5431803342356221
114,0.16246769656819784,0.07446971036412875,0.24854214674517242,0.10405616915324573,0.41046427716925526
115,0.10044964048081169,0.4655728817996329,0.2777374123381744,0.10542474994513407,0.050815315436246955
116,0.03495046107252695,0.21769350556199082,0.38568332311930503,0.263613239640372,0.09805947060580522
117,0.19669627232868675,0.10423205867296298,0.09286828687543142,0.24853845038215033,0.3576649317407685
118,0.005067954661601156,0.06578553858509187,0.6001751561392304,0.2304766458314763,0.09849470478260025
119,0.08283165501344954,0.21487214631316748,0.3185957188167764,0.06444275144892997,0.31925772840767663
120,0.15051038025518065,0.0734219711982303,0.17285840830284294,0.2996074309266479,0.30360180931709824
121,0.4506720334677922,0.08029157731044628,0.07965737382038429,0.2847178794335017,0.10466113596787552
122,0.018279870271665097,0.2414801510930248,0.34827419405228377,0.29685069519978136,0.09511508938324498
123,0.38687170476909616,0.4432400187432335,0.052373788497627416,0.115633185142618,0.0018813028474249371
124,0.034365153622114085,0.3952242482657556,0.28558986184873936,0.1845519127673083,0.10026882349608268
125,0.2060949271743226,0.16210291618051464,0.22548044397519934,0.305972437687942,0.1003492749820214
126,0.22038522717736148,0.1572942244143492,0.037560765333513935,0.16007367002584105,0.42468611304893433
127,0.25603529298464256,0.24012581736291394,0.21090746183842424,0.22570088428267698,0.06723054353134228
128,0.07850157969617054,0.3659592826376348,0.2906727964004594,0.09309927548578667,0.1717670657799486
129,0.6228368777183824,0.2709271965564275,0.009985807072907193,0.025939375590549596,0.07031074306173335
130,0.4120078602487107,0.17472217712473037,0.14057159878152303,0.26934586194272814,0.0033525019023077363
131,0.5617688627473126,0.09372053278208303,0.10177453092599953,0.12653798510337344,0.11619808844123136
132,0.02048869746781833,0.22301967269092435,0.558328265651135,0.17954506335972087,0.01861830083040139
133,0.20355208236783986,0.2934036839411962,0.1498439570545268,0.28617532632577425,0.06702495031066291
134,0.04059502058117248,0.02903275461670511,0.12834875410142,0.3500294449167715,0.4519940257839309
135,0.042403200261031795,0.03825396859289616,0.08516523187507244,0.28489356437152674,0.5492840348994729
136,0.02263666593754405,0.08299345501329,0.3542389132887853,0.21363190743439697,0.3264990583259837
137,0.009276319542914146,0.05564811415356499,0.7272955288425281,0.11441817247589403,0.09336186498509869
138,0.13553967868418487,0.1588641233470105,0.31260231224792673,0.07138162764514921,0.3216122580757287
139,0.2922164228631569,0.21431161728872533,0.24774637639008956,0.09625007603095881,0.1494755074270694
140,0.011410394312114333,0.08121130639140506,0.10191913116873898,0.568442734690239,0.23701643343750267
141,0.8685264290664811,0.04912652012297036,0.07024355655940362,0.01210348007621731,1.4174927565058226e-08
142,0.1147920780845623,0.3527479189647921,0.18276849767669223,0.12875610055223163,0.2209354047217218
143,0.17588668703729732,0.10806512712360566,0.26544379594615053,0.06863129774427967,0.3819730921486668
144,0.3402381416299211,0.09752238913898292,0.38685895356071437,0.09817302679288264,0.07720748887749895
145,0.07001375074792651,0.0394353895642479,0.3675284186709752,0.12838683363907993,0.3946356073777705
146,0.10245984473299966,0.2041933638429634,0.25155947131126605,0.31730563168692827,0.12448168842584262
147,0.06061704597309742,0.11676303691259396,0.1866757173236546,0.34883206478033374,0.2871121350103203
148,0.48341522373998125,0.37961674609561,0.049815869730416074,0.07651037453163634,0.010641785902356315
149,0.06517259695699482,0.07462053444694625,0.05241567031022726,0.09196220339681022,0.7158289948890215
150,0.16353977187875426,0.10477325224058934,0.09111183506002807,0.39159116812066513,0.2489839726999632
151,0.2834012536679927,0.22927115633095957,0.18130887176012744,0.2201847519734087,0.08583396626751161
152,0.007097394826445417,0.2653060579606041,0.32274293981674096,0.4014419564815709,0.0034116509146386864
153,0.12724913795069923,0.26854947435915655,0.060714776898987244,0.1607036943487778,0.38278291644237916
154,0.5057746466975159,0.11056845744297406,0.08734650935427513,0.10482229581186842,0.19148809069336648
155,0.014377071057863379,0.05507165860658455,0.230955996456433,0.24645206774384804,0.45314320613527104
156,0.05504533123556612,0.09206131941229509,0.3959533769225112,0.1391753164737517,0.3177646559558759
157,0.26018006330233917,0.14080978630071206,0.20538134317811046,0.18241530017615704,0.21121350704268127
158,0.15624353455144036,0.29931938215786624,0.31174016173574914,0.1045545652936869,0.12814235626125736
159,0.312655809163904,0.3424432483892238,0.1518840669186372,0.04977062713787339,0.1432462483903616
160,0.5841811913902464,0.07490314263659836,0.04002764551568094,0.13939915044261308,0.16148887001486123
161,0.4290392948395843,0.19205032605634614,0.22862399808641765,0.06902165881435773,0.08126472220329417
162,0.6865015891018937,0.17970864363238415,0.08737785210001459,0.022296872076444596,0.024115043089262933
163,0.2256848747252512,0.0512057884317387,0.19124831253587704,0.4779271913055509,0.053933833001582165
164,0.06071345019097831,0.16968068011746507,0.405900573364699,0.15944905901644724,0.20425623731041043
165,0.7426629724925399,0.03681964626429268,0.11304687780269596,0.06353248787451315,0.04393801556595833
166,0.12836707134839434,0.21262195946144616,0.4637855895621071,0.10801257971196032,0.0872127999160921
167,0.13514488438004466,0.31202779630619804,0.14487276918021963,0.26428732967725044,0.14366722045628721
168,0.04589461446381619,0.054766707803799476,0.33676409198830726,0.46550328166327964,0.09707130408079745
169,0.14588062193068213,0.038918650511659464,0.20651882049523992,0.21193271572921352,0.39674919133320496
170,0.30811195673973046,0.16978565229163978,0.04192814123778277,0.18022364106891642,0.2999506086619306
171,0.21943646945571008,0.40203328572407504,0.10727387136085542,0.158924220845314,0.1123321526140455
172,0.5811902061014338,0.10013576719492012,0.13005002235849572,0.14881726440456466,0.0398067399405857
173,0.19003968159744455,0.15985221661854554,0.22241391229483676,0.17696112953922094,0.2507330599499522
174,0.03426057063320555,0.06922250502312047,0.24687198556393192,0.5796236904630964,0.07002124831664569
175,0.13299954471616116,0.2969013649196952,0.37184109985716507,0.19413336493196365,0.0041246255750149174
176,0.09925971057655174,0.20009911791391038,0.16570008009818582,0.45378914698550066,0.08115194442585139
177,0.47154168735327523,0.08155708634773912,0.12043366700091251,0.2381878839633279,0.08827967533474523
178,0.5527870192042531,0.02676400176758631,0.08700999255064501,0.10096165879698948,0.2324773276805261
179,0.00981271533097263,0.16483065261204424,0.5701008011944615,0.1652004098414005,0.09005542102112118
180,0.3989068826478999,0.1482637339119845,0.06091050954419219,0.21466529560624015,0.17725357828968324
181,0.3391889355461969,0.031843949214729994,0.08645818733366151,0.26558011855229546,0.27692880935311615
182,0.19402365750920755,0.34677539520827316,0.21544203711005727,0.03257856235558887,0.21118034781687312
183,0.12938576855515865,0.3872139444163785,0.21525939685963102,0.14106991771547994,0.12707097245335186
184,0.04938487961286712,0.05945901770738601,0.18825861115381487,0.11091067030084684,0.5919868212250852
185,0.2525623472446978,0.14978836340581386,0.26911005299409774,0.18162948043031457,0.14690975592507605
186,0.07003469172979808,0.14361629172688267,0.2909572591252376,0.08740895988993747,0.40798279752814415
187,0.26746121972589426,0.31054555854910965,0.3084766067511182,0.10377252445512641,0.00974409051875147
188,0.1167815835155251,0.06046922125595279,0.37173030577734567,0.11973644280914919,0.3312824466420272
189,0.20302618855130905,0.0866722222184203,0.33090708718035833,0.24255786216540987,0.13683663988450245
190,0.11701253018338208,0.11696289543324846,0.36797564836532026,0.3959590768739215,0.0020898491441276867
191,0.11200943140394937,0.2383923562789938,0.4381408537789786,0.10810423733885055,0.10335312119922768
192,0.03254206611371403,0.39953732436294326,0.34633503039376773,0.2051437002143106,0.016441878915264385
193,0.4043521245503712,0.03096670581630595,0.16306314055881505,0.35792216955355505,0.043695859520952784
194,0.5109202145087345,0.3940223292110627,0.04313818639429279,0.014737422866074157,0.037181847019835845
195,0.047802097753880446,0.23300354108771731,0.14738061697294386,0.05786689275310586,0.5139468514323525
196,0.5502246615338998,0.03829759004660904,0.18204674406512888,0.18553911002008805,0.043891894334274206
197,0.07302429370479144,0.6360822388003037,0.13890123394612708,0.1462807987141057,0.005711434834672069
198,0.16359548142099684,0.11098860379491221,0.2920205915566283,0.34859830143258286,0.0847970217948798
199,0.13549143679026326,0.1128805045793975,0.07638955560153557,0.3817188168930283,0.2935196861357754
200,0.5016290777002393,0.2496836023510688,0.16640571698920748,0.06485505298157179,0.017426549977912598
201,0.3412671188986979,0.14583349005745916,0.2688737841449209,0.11165252501022305,0.132373081888699
202,0.3061034429218695,0.20449972599559724,0.1925234729472315,0.25336438722351984,0.04350897091178196
203,0.23967983412008667,0.25487650150091823,0.09100370799157353,0.3426437209957639,0.07179623539165769
204,0.0530292585955968,0.25082925678953527,0.2664478751828536,0.18094067716914142,0.24875293226287287
205,0.09635542662501026,0.37654555227880915,0.3660865473438438,0.05162313566826193,0.1093893380840748
206,0.4854701464804404,0.0684122271403299,0.13906422190426881,0.049702683342958465,0.2573507211320024
207,0.20623462930372902,0.1936862592963233,0.13397577751707007,0.18777652785443888,0.27832680602843873
208,0.12267307149337038,0.037222587655079756,0.277539127381801,0.16026387816172116,0.4023013353080277
209,0.21821106896231923,0.13213064294633542,0.252534615065051,0.27588757825809007,0.1212360947682043
210,0.1471529960097419,0.04655364176835752,0.35189687661356933,0.1862018566376029,0.2681946289707283
211,0.039944090112057205,0.3117847456100976,0.17957072244184097,0.14490169777932227,0.32379874405668196
212,0.3990250901559952,0.18303159339230746,0.12420372433864424,0.10451885473437683,0.18922073737867628
213,0.009727796660078315,0.12785343549230058,0.5245221312713586,0.15387050076821396,0.1840261358080486
214,0.41775622992671535,0.46316621521541135,0.06864087087152848,0.013686280712862264,0.03675040327348256
215,0.30494405032530475,0.21193982876684508,0.19469701981176835,0.12358316132799341,0.1648359397680884
216,0.0986442065648285,0.23475440523244392,0.06419950477728953,0.4027121090031998,0.19968977442223823
217,0.24535128121046187,0.08803564386998611,0.41227718828642446,0.11948314841600272,0.13485273821712485
218,0.1566630848543887,0.48326546468787224,0.14915518631686553,0.029614233434532955,0.18130203070634054
219,0.041834139130102505,0.14684303671498994,0.065607621909785,0.350445194707691,0.3952700075374316
220,0.25662871766339096,0.3436818776919269,0.3173012264988775,0.052947396903407884,0.029440781242396796
221,0.2965481043566201,0.28547900216998284,0.10389442456145304,0.2550044690656399,0.059073999846304126
222,0.1739416500515815,0.16829168973665534,0.038044915116328515,0.1415056789464676,0.47821606614896706
223,0.12816304992563687,0.23618818229447847,0.13965881193795315,0.23051800770579278,0.2654719481361387
224,0.04542503721765349,0.10079852286342225,0.11597918570025673,0.4950030703566692,0.24279418386199836
225,0.08645705173096078,0.14857557557757362,0.17736027920885739,0.25504966203341206,0.33255743144919614
226,3.420987977633515e-09,0.01626812143558705,0.2763264269991155,0.5581620405118868,0.14924340763242272
227,0.08641085849610318,0.01974391426574254,0.04799407545865271,0.3988766411706396,0.44697451060886195
228,0.08855416750467537,0.11889864684912052,0.12090361565032517,0.13980124613284012,0.5318423238630388
229,0.1404796671536432,0.17431308369645968,0.25874535672768445,0.20498066424910943,0.22148122817310323
230,0.13034121058968368,0.1696878993106759,0.5388629133908438,0.09903405479438865,0.06207392191440797
231,0.12001810337807746,0.0744812863728455,0.024781988593653964,0.18457229197470063,0.5961463296807225
232,0.30864149482194847,0.1977876377469573,0.1963930560600653,0.23198077944832052,0.06519703192270843
233,0.09592383388802052,0.48462677713826807,0.15517532638819465,0.10646917232614583,0.15780489025937094
234,0.12619520710308796,0.5199340305829077,0.30679803423011154,0.041253523590814356,0.005819204493078489
235,0.01929582125572088,0.04499581114920605,0.2033242003187702,0.20993500361620177,0.5224491636601012
236,0.3035376202483233,0.34657450806133927,0.10423304678014744,0.08386365401693441,0.16179117089325556
237,2.205012678440376e-09,0.10281954435881006,0.21947307947694566,0.30321043969833955,0.37449693426089203
238,0.11142497504647557,0.41971798030894597,0.13747906199661086,0.1441133256598598,0.1872646569881078
239,0.16727436973225615,0.1575019227507263,0.22910262064194709,0.36444625529856167,0.08167483157650879
240,0.036838858667267355,0.24516882327107534,0.13609483875200817,0.28176083644233213,0.300136642867317
241,0.14355674697497783,0.25692906023352313,0.08793935765477212,0.25697379317074237,0.25460104196598454
242,0.186266883421145,0.09015662216764248,0.0933732092011978,0.24470284088580113,0.3855004443242136
243,0.06916549644873078,0.016604752301396214,0.009972212148847082,0.06587054106167527,0.8383869980393507
244,0.0079278886527605,0.18673109881358269,0.2870571471615121,0.26018218074507987,0.25810168462706484
245,0.1578767961587465,0.06113679993099844,0.1617355329041442,0.3253269633087782,0.2939239076973327
246,0.10238255810055644,0.44051559066024937,0.07945365158864826,0.13013185905429192,0.24751634059625405
247,0.07453992095278,0.15849605990114102,0.23083139619414517,0.4896579972857719,0.046474625666161895
248,0.3608603596297214,0.25143747152398777,0.05670578852916597,0.1560453022582795,0.17495107805884536
249,0.4363239656769771,0.14757406895733866,0.16269427788949242,0.22217888855203194,0.031228798924159862
250,0.050871658072287745,0.26959354919788425,0.19932494895510933,0.4106866663531511,0.06952317742156755
251,0.015421935370229732,0.10359867193580756,0.6162740345615674,0.1466400009984682,0.11806535713392718
252,0.030894623377711105,0.1665657828848184,0.18567338459929153,0.1438115540954204,0.47305465504275857
253,0.40226476354830365,0.17656587174679772,0.1969407277430687,0.2154981713377172,0.008730465624112727
254,0.22252899754833785,0.15602471628089645,0.1173652175901817,0.29277223712746814,0.21130883145311585
255,0.4533726290336984,0.20441440842958264,0.02900297769380089,0.19330703985575337,0.1199029449871647
256,0.34129851804003364,0.07538289241104057,0.23727767274062095,0.10884097069771315,0.2371999461105917
257,0.10179293063196049,0.028155903883508693,0.03779750336705434,0.33312976280761947,0.499123899309857
258,0.24482878914203848,0.07526827189040597,0.29984868990110974,0.1036003040205925,0.2764539450458533
259,0.0837285488241832,0.08283744523649074,0.38300687505793984,0.257616171421827,0.19281095945955917
260,0.133808396323191,0.30784887482991374,0.314271137675187,0.05684171026843754,0.18722988090327075
261,0.519699286848512,0.14771651359220417,0.07243544779596345,0.10154058292713952,0.1586081688361809
262,0.11543029003462398,0.11069100896853078,0.6981897295721162,0.06620872399782962,0.009480247426899457
263,0.7930302558373152,0.10398486825129494,0.025268459077157357,0.0556086263400688,0.02210779049416367
264,0.07105749027257124,0.13847532148623326,0.24459871637205227,0.26500982209715296,0.28085864977199027
265,0.18394482378870508,0.1671012292724432,0.31060460062219125,0.18955483467990164,0.14879451163675883
266,0.26154420936651057,0.08309579396100636,0.27470923050337,0.103382566428175,0.2772681997409381
267,0.13769450337513153,0.36042382836386655,0.07953706231373614,0.19198726864266813,0.23035733730459762
268,0.06901638078838493,0.07954357352748592,0.2252449049153951,0.13508586606907336,0.4911092746996607
269,0.17521639243271517,0.08298103852571073,0.44241053190774354,0.1209637464267338,0.17842829070709676
270,0.479636964938237,0.27556018276461053,0.09846623083863593,0.11530248691076173,0.031034134547754832
271,0.42796890053655856,0.09788317360308674,0.13562551889811714,0.08677636341277617,0.2517460435494614
272,0.04909285816362612,0.31118394823239376,0.4360474873293211,0.1302735746310747,0.07340213164358433
273,0.01990640806504092,0.14430763534262903,0.2738449783676685,0.41345320391598095,0.14848777430868054
274,0.18302609859855407,0.16322602406793796,0.3916590290287258,0.08480245339285586,0.17728639491192633
275,0.15155267086915816,0.09282494844656525,0.3847133827131548,0.2370821536422224,0.13382684432889935
276,0.4017348683353784,0.199962303632793,0.21584718395862745,0.17543920441956917,0.007016439653631967
277,0.11964494810184573,0.2275355065856251,0.36931613463914814,0.1894841577481592,0.09401925292522184
278,0.22928501773536256,0.17592286636406526,0.2152457746176552,0.32578734015579425,0.05375900112712273
279,0.16720988542536214,0.2305977246262793,0.07764675975381674,0.1256988349808673,0.3988467952136745
280,0.367084019766562,0.04269070884988041,0.13977819904325323,0.16912585429433424,0.2813212180459701
281,0.17924119019860085,0.14834789383522867,0.3946274779283057,0.09323148135659032,0.18455195668127444
282,0.03950386940340567,0.4232544059128041,0.31699090497415755,0.12913747672069387,0.0911133429889388
283,0.5319945732505307,0.1298415129805397,0.16044027487733337,0.07858469060615025,0.099138948285446
284,0.09523551052838836,0.06389809644153105,0.1578982213975157,0.603918416786279,0.07904975484628585
285,0.11706285674945505,0.30578422604789907,0.2385108944662589,0.13053994213319853,0.20810208060318847
286,0.05988120409224614,0.03241041291020102,0.16144269026199076,0.46636514727951817,0.2799005454560439
287,0.47033371183879374,0.15493183082408762,0.12996787373476082,0.09663440641297694,0.14813217718938088
288,0.06239212007575058,0.08012780596911186,0.062094746278034685,0.5821701630544385,0.21321516462266443
289,0.2503154337197696,0.025164244341414566,0.06442633919160162,0.019190234888884994,0.6409037478583293
290,0.08857948588825193,0.21985228324051403,0.1138011292483021,0.2643028394157529,0.31346426220717905
291,0.09685693139391263,0.07384291156866626,0.2801935232451268,0.4932230376505342,0.055883596141760083
292,0.08156150026571175,0.04440293321515805,0.03704162625940591,0.3719038619838272,0.4650900782758971
293,0.1845183032515158,0.13374045707033266,0.42592010768463645,0.1707678733638459,0.08505325862966917
294,0.09739519370656802,0.5607646235851744,0.20402116506353896,0.12194154269693291,0.015877474947785686
295,1.5591783359203904e-08,0.04263287680587879,0.10225928365362778,0.3595309499114644,0.4955768740372457
296,0.25004065710281065,0.3311555942087323,0.1322989828691098,0.11622396929902779,0.17028079652031947
297,0.22667515653184148,0.11669111899389054,0.040551965045991734,0.18993062977150332,0.42615112965677293
298,0.13580531624066816,0.24829781563181497,0.47615163152980045,0.11437254978081823,0.025372686816898193
299,0.051067064210976974,0.10966857844060068,0.3157511503021767,0.13933099012513595,0.38418221692110965
300,0.1224906241891773,0.07794627414209102,0.34146593642599066,0.4551711730062311,0.002925992236509911
301,0.19551716672320565,0.123597313839618,0.1262877898899375,0.38743970554628704,0.1671580240009518
302,0.2767261911274311,0.05168420747217928,0.23284666832504836,0.3263840676623775,0.1123588654129638
303,0.1548202673720698,0.17087034007535604,0.236216186611254,0.09923983792352997,0.3388533680177902
304,0.1444511923030126,0.41111950138930053,0.24394565479109542,0.12912840113020885,0.07135525038638257
305,0.09209729357506012,0.11817557488891521,0.2157886363234631,0.5309488175422707,0.04298967767029083
306,0.12377532323450208,0.5558029546603405,0.19524243537125363,0.08983703838185875,0.035342248352045136
307,0.0033852759801552145,0.17903585241839517,0.16553512814161286,0.31650592201505934,0.3355378214447774
308,0.1871557304174877,0.0810804340377815,0.4232279992245225,0.08859025998768966,0.21994557633251866
309,0.1747959557071746,0.27501839469150374,0.21174887806610898,0.3012065430416625,0.03723022849355018
310,0.11412574785454496,0.04573602845922725,0.060030246866244474,0.4840799523302485,0.29602802448973486
311,0.007432759357711233,0.4971502852599389,0.12385605623189522,0.07383360695998076,0.2977272921904739
312,0.3131424517379945,0.4108243839097788,0.2463100865976966,0.022993951367520027,0.006729126387010065
313,0.03805016857433936,0.17577112969231323,0.10596199396787959,0.21585107664139036,0.46436563112407747
314,0.15245040368694188,0.15038383783143008,0.10259129929800925,0.5572720230331758,0.03730243615044304
315,0.22362389009051623,0.2317119064887149,0.2548339833719557,0.28508344479054004,0.0047467752582731615
316,0.2791696070056273,0.021477114747018078,0.09847860729899138,0.4609257501026889,0.13994892084567434
317,0.25855850442560996,0.5334705222443674,0.04834805143116627,0.1111298774096181,0.04849304448923819
318,0.017640216103077325,0.09828902933425253,0.4235409203538558,0.11765335045778957,0.34287648375102475
319,0.4030860852502258,0.07570778552047452,0.054849031742872256,0.13931181113965896,0.32704528634676844
320,0.3242768799674506,0.07444243334814687,0.33312274084066357,0.22514700186083292,0.04301094398290606
321,0.07842679813185827,0.1829502102247958,0.6331994351518004,0.044881843053856674,0.06054171343768888
322,0.2718046486278114,0.18401296835653924,0.2223299445977579,0.2989034296304727,0.02294900878741879
323,0.21774194829327295,0.0849715861358252,0.3806711196053357,0.31084043508694714,0.005774910878619033
324,0.18566043130383644,0.3521835295596504,0.26306934124541115,0.16606826437093425,0.033018433520167756
325,0.3255943806230594,0.09045164491434604,0.19267094034930332,0.055796703094060596,0.33548633101923064
326,0.010900464141542637,0.28272800610654125,0.19434373155782408,0.31758026818449486,0.19444753000959714
327,0.15122935583692632,0.07371242731881214,0.08458890921510023,0.10470268446717423,0.5857666231619871
328,0.18570640198983582,0.22166470671818703,0.1765776452855472,0.05446757457267881,0.36158367143375114
329,0.39872662308124934,0.052139367988984386,0.06195497795274174,0.13020390394582504,0.3569751270311995
330,0.22995541761354768,0.09814001556471394,0.10209927908896138,0.2160900077160786,0.3537152800166984
331,0.03092460284739825,0.35991598480568365,0.33747174508028094,0.1637367537659622,0.10795091350067498
332,0.12495969733135773,0.04833113315721768,0.20121907627752134,0.4607092131034999,0.16478088013040337
333,0.14615412549303528,0.09353350521365503,0.3529883051347893,0.13848720062949538,0.268836863529025
334,0.10512911792104493,0.36609939730344543,0.3043632901040886,0.11553450178147351,0.10887369288994753
335,0.3945191113153766,0.17222003717184592,0.27166344510391227,0.0329090925454778,0.12868831386338742
336,0.5974816975418387,0.11959731084519365,0.09595850199882161,0.09408541932159598,0.0928770702925501
337,0.3814360153491682,0.10299818852007314,0.14418514658276577,0.3220160350208767,0.04936461452711616
338,0.38895059465759085,0.06753801145407373,0.02864035572212581,0.2515574100170608,0.2633136281491488
339,0.4634277980287281,0.09570977580468615,0.14013301170712433,0.29333058869306083,0.007398825766400607
340,0.031113457216357773,0.1598137973231412,0.09012672218213605,0.11985122434976714,0.5990947989285978
341,0.1781941124909679,0.4830979472766512,0.17031418821115396,0.027309495704557984,0.141084256316669
342,0.008651391618368523,0.19180080632853908,0.12770549642076562,0.31436628971154484,0.35747601592078193
343,0.39068874157577976,0.05155231125771581,0.15525840115680012,0.1327585716858185,0.2697419743238858
344,0.016691733969085135,0.2188999287735731,0.4720625566801011,0.2525611274347237,0.039784653142517
345,0.14045579276538525,0.17578862946716187,0.08935764588079365,0.37229663060059925,0.22210130128605998
346,0.008904315034301806,0.044561761908307886,0.2834722128716504,0.35132541116123295,0.31173629902450695
347,0.029476398016945213,0.12021136580684808,0.3733526640682215,0.17515798492627077,0.30180158718171446
348,0.20747778507461348,0.39775101362475573,0.15044644001192076,0.18424127830791903,0.060083482980791025
349,0.15148246579581012,0.160493682506935,0.06975897683348331,0.3145655103099475,0.30369936455382407
350,0.020071088785842413,0.17917099936981667,0.1518594778186359,0.4329451664704068,0.2159532675552982
351,0.3240343741552687,0.10030323449311906,0.11243016814366968,0.31385611756919074,0.1493761056387518
352,0.33706457999903944,0.1441388276304964,0.057806664848196965,0.3477557242839697,0.11323420323829747
353,0.015408236597182757,0.34178009858764447,0.3447482418925422,0.11959477557201748,0.17846864735061307
354,0.23001472969448378,0.05989088964230943,0.08031415211593923,0.07167553894331052,0.558104689603957
355,0.02841314709482757,0.08611062517819207,0.7389995963798699,0.10007515010160928,0.04640148124550114
356,0.03157336837680561,0.27051936745222943,0.20339851833659972,0.12069902287227974,0.3738097229620855
357,0.03240771928762291,0.09434264624831747,0.434170299702793,0.26143413051446474,0.17764520424680186
358,0.09873744152084263,0.08225728591958181,0.1100938211293177,0.7024100571969425,0.006501394233315416
359,0.17503038842930047,0.04591440354874496,0.13045570531048498,0.15505902982089848,0.4935404728905711
360,0.004541212235749037,0.014928222434250103,0.08116625218502713,0.48404371761187254,0.4153205955331012
361,0.004415377895447221,0.10386707428482683,0.603173412126286,0.24574736109142803,0.04279677460201192
362,0.026993682130312426,0.052771669391617586,0.47831088294655144,0.31443067263642244,0.12749309289509614
363,0.18251428006478,0.12269285865004287,0.133666262337788,0.3857660940945862,0.17536050485280297
364,0.08865918684555672,0.1351376467493794,0.11348600960866717,0.38196624898296255,0.28075090781343415
365,0.16506029271289585,0.22419674443852744,0.039057653198388775,0.14717009763115507,0.42451521201903286
366,0.0958376202235978,0.44420395690585396,0.305714031350948,0.039764942320026364,0.11447944919957387
367,0.2794371698834,0.11373218112974581,0.1704523395450706,0.20266842659080742,0.23370988285097616
368,0.29552182819111933,0.11800806268406333,0.2004354742886606,0.2541458720912707,0.13188876274488603
369,0.316560246843955,0.16944686650736773,0.163274500115424,0.18630229132511233,0.16441609520814093
370,0.12268596367213758,0.17730926005960806,0.2991369577776783,0.22387548454573503,0.17699233394484104
371,0.4570564433844394,0.06776334724752953,0.2298595178889803,0.06409316089872374,0.18122753058032703
372,0.0970232955598969,0.664313470488732,0.10780924415167736,0.09719750911060032,0.03365648068909344
373,0.37146478680022343,0.03549497902001769,0.1858363954185685,0.31233658177240853,0.09486725698878185
374,0.22873868101958636,0.18712299413905112,0.5134686042683689,0.04470300597559973,0.02596671459739386
375,0.4388532050978505,0.3350819925113055,0.07464200565773826,0.11137197039381808,0.04005082633928769
376,0.08829998320689968,0.39420430061923245,0.2848759186301136,0.11002341501673485,0.12259638252701943
377,0.0956098573782881,0.09256867368480313,0.36558486302465687,0.11872714672884987,0.327509459183402
378,0.11308672792600089,0.2341291768424133,0.45880159166080753,0.14739839389156761,0.04658410967921067
379,0.19748932410547992,0.1392729968844722,0.43099281985299526,0.14651549204485914,0.08572936711219348
380,0.09853347029849029,0.38618573476322593,0.06496926807677,0.29478461433336756,0.1555269125281462
381,5.01401749317647e-09,0.03291109146720949,0.197156392455101,0.24738508955771857,0.5225474215059535
382,0.12435200299246732,0.3685256364678209,0.09507984533947333,0.1566894876755136,0.2553530275247249
383,0.2679153067197933,0.12777028409027508,0.2863234125489862,0.253350942970341,0.06464005367060444
384,0.3017248523424998,0.12969626006226997,0.24742099319442223,0.0790027322829785,0.2421551621178295
385,0.16393005122397505,0.06844343795174895,0.18253696173343983,0.0852306897780229,0.49985885931281326
386,0.30329995175524527,0.14775712549187453,0.1960566166653666,0.24819694577944862,0.10468936030806497
387,0.12787107509817064,0.34170381604317135,0.12260794975758837,0.27670501285293836,0.13111214624813128
388,0.16261904157905357,0.5114529689267472,0.09336643017718582,0.16722795001983948,0.06533360929717391
389,0.38649943400874315,0.05891609200022735,0.2716023347307901,0.1546364484334758,0.12834569082676361
