id,0,1,2,3,4
0,0.4588620562179661,0.26647267709963623,0.10796031050773958,0.16585039049311068,0.0008545656815474034
1,0.21367309413112448,0.09286413388499401,0.17479272499492665,0.36345443321859267,0.1552156137703622
2,0.10320945471236523,0.14169799678932932,0.18135137421545136,0.13001374949483258,0.4437274247880215
3,0.17271260327309662,0.25144535405644375,0.13937406028685634,0.07298392283907273,0.36348405954453056
4,0.35009617138652815,0.31599195625789267,0.14422150242157017,0.15960614648253124,0.030084223451477765
5,0.032369966830271144,0.3684111409591574,0.2535419743644661,0.1827078954943071,0.16296902235179822
6,0.6233767182361607,0.13471391564144353,0.13532707723042026,0.0905357592007272,0.016046529691248312
7,0.19310944573611086,0.26867648159358004,0.2851879957115373,0.2156898792969829,0.03733619766178886
8,0.4456562766522529,0.16433703883480072,0.15016553580929792,0.161840916615542,0.07800023208810647
9,0.1922993628412655,0.05780607186304956,0.03777009359766731,0.09135115037422287,0.6207733213237947
10,0.06924561460826259,0.27574428878436863,0.25444303184314343,0.2549744314256829,0.14559263333854244
11,0.32149904469174767,0.09236807770166044,0.3010004521342102,0.1392954127613425,0.14583701271103922
12,0.04980679082374568,0.03656944864221478,0.12181187678263908,0.434358953856281,0.35745292989511945
13,0.4967011569074809,0.12430233292923559,0.22225914310650696,0.13233264951881252,0.024404717537964027
14,0.16670457975715144,0.04826190731476304,0.15223389627295744,0.34590502748536567,0.2868945891697624
15,0.1313072399262982,0.3245048150852099,0.14453770265085464,0.24006061841262627,0.15958962392501097
16,0.41173850158521835,0.30509260013470446,0.12627642443747888,0.04655601403985965,0.11033645980273865
17,0.026835658189530754,0.2539126863765914,0.35264626159158907,0.1998310514422924,0.16677434239999633
18,0.07048514905982387,0.176137543890615,0.5985107444687563,0.15486656258080478,0.0
19,0.08156825075183402,0.19991807634215927,0.3416822101173869,0.13032732573349926,0.24650413705512053
20,0.777574244018987,0.04722899409899761,0.0,0.05548240734904242,0.11971435453297297
21,0.08079362428317664,0.16643435516364452,0.3737043466983254,0.15642135865570927,0.22264631519914413
22,0.36388287819054155,0.28014639898341265,0.1166800780444367,0.11236317402299545,0.12692747075861366
23,0.24175096825133874,0.0796366708432471,0.030383364499463328,0.11584550672805843,0.5323834896778924
24,0.03886555020656935,0.15473397608602268,0.44444078969257084,0.26302239998230026,0.09893728403253688
25,0.025578036082887744,0.20325899653808152,0.21724325070898004,0.23831932249338272,0.31560039417666796
26,0.09732581179003066,0.09669874335759385,0.25066887196730664,0.34974446023325206,0.2055621126518168
27,0.04081010097041389,0.22207894086156688,0.2552114697640366,0.34320644985715765,0.13869303854682502
28,0.5221568388366175,0.06022958894760133,0.04353097121915972,0.10166862578714864,0.27241397520947286
29,0.14518866083119666,0.1906665637883405,0.15117388945265658,0.2645644033945175,0.24840648253328879
30,0.2063818712452404,0.1411942799221528,0.17446515384538258,0.2127290069920439,0.2652296879951803
31,0.09944135167266724,0.14079372919140182,0.0964210021077381,0.362415094857218,0.30092882217097483
32,0.7891368390252024,0.07438485774163794,0.09604002843250381,0.04043827480065587,0.0
33,0.47318391398958987,0.12117453599706568,0.34655097950200675,0.0590905705113377,0.0
34,0.0,0.0,0.13592030268668193,0.2559731585130764,0.6081065388002417
35,0.0,0.042658831093322726,0.2109939148845811,0.2849336556738887,0.4614135983482075
36,0.1646594981184092,0.18926315586411918,0.1388062280645883,0.2201617721949259,0.28710934575795743
37,0.4162298629676166,0.25601856259526484,0.10735572390288972,0.09134173602322071,0.12905411451100812
38,0.3591320854050772,0.13946781580244194,0.2581179750503731,0.2265204534467471,0.016761670295360687
39,0.0,0.09923094249928523,0.6038526635128809,0.195415740382327,0.10150065360550686
40,0.0011921818373601106,0.04253520151188346,0.10821979465655364,0.12320462192489545,0.7248482000693073
41,0.10827281944728186,0.4208331628444537,0.15114433450134745,0.216167961727319,0.10358172147959799
42,0.20338376784981518,0.40928475898751504,0.1104986963752419,0.11159788373362811,0.1652348930537998
43,0.32011589593081025,0.04841196759301114,0.0,0.06461900120813241,0.5668531352680461
44,0.07719919439285149,0.20101766655645376,0.304072675941296,0.22916522464996558,0.18854523845943316
45,0.34121633295486153,0.0481060931694714,0.08856704132158255,0.1302627908110992,0.3918477417429853
46,0.0,0.025180596974236,0.08287114874461193,0.3036490414914481,0.588299212789704
47,0.29553186090037326,0.46298297337902133,0.19764254340285214,0.043842622317753266,0.0
48,0.08865570145476774,0.12915568025837532,0.08958261564463244,0.21635953605502145,0.47624646658720304
49,0.2738821357849443,0.32895942744933476,0.08686114182683191,0.07142407073811619,0.23887322420077284
50,0.43174941608093204,0.14997706719641296,0.138412269377856,0.20784653435576161,0.07201471298903739
51,0.36567460861663253,0.055295710028800626,0.15338609257403873,0.16857011952024314,0.25707346926028496
52,0.5101169723908958,0.1119267619240617,0.044278120531528686,0.12319140340255541,0.21048674175095838
53,0.38238583178277846,0.10017671505795733,0.3040661352385589,0.12699956123181455,0.08637175668889074
54,0.03345928577555231,0.29773542770513306,0.30864716705285494,0.16169671099594107,0.19846140847051863
55,0.13883449876789009,0.48034922443723393,0.2923429852205873,0.06893044734316867,0.01954284423111996
56,0.21340366024439525,0.3089566163616879,0.3006946244198252,0.1528464089397381,0.024098690034353498
57,0.089161204860684,0.16568028442984745,0.2892868186532848,0.22651836454672147,0.22935332750946225
58,0.33853629932482465,0.052109851712200006,0.0610731950403271,0.27266769018737247,0.2756129637352758
59,0.4652620402905165,0.1335152404605367,0.16717533907328808,0.0668526741019585,0.16719470607370024
60,0.3194859926186362,0.08724130673608366,0.2671929886204296,0.24501809672016284,0.0810616153046877
61,0.3251373681585463,0.12738951478780308,0.1707003615250991,0.3117674665618668,0.06500528896668467
62,0.15469586035195557,0.22027238087343623,0.11477841409146028,0.07632433675613909,0.43392900792700884
63,0.29159954551959755,0.2506565516623631,0.37439030145416197,0.08335360136387737,0.0
64,0.01369358017013444,0.11580455961798392,0.168728294669392,0.3114984560073503,0.39027510953513933
65,0.005820595470127847,0.1767935088489116,0.22225474491510824,0.18941606040452996,0.40571509036132236
66,0.04111548190020526,0.26771704471772517,0.07021970825029794,0.10549576350379308,0.5154520016279786
67,0.0,0.025019737776284523,0.13365105776319125,0.3652531538190587,0.4760760506414655
68,0.4752031698080804,0.1663498017616698,0.22394290671446626,0.07977767787856538,0.05472644383721814
69,0.01480823185040833,0.03223453157528474,0.08517175012325251,0.32958566585855203,0.5381998205925024
70,0.05016533725053297,0.25665666813830695,0.137584907092834,0.24451549023901592,0.31107759727931017
71,0.3943723789257304,0.1037409106684472,0.3278259963821036,0.0977576844027589,0.07630302962095992
72,0.06464055486236464,0.34929237635056765,0.18978700107594892,0.23481927076671694,0.16146079694440185
73,0.28056747141064275,0.575305250448397,0.14412727814096027,0.0,0.0
74,0.05223349571574468,0.15712823799613548,0.28936727381700655,0.15031608192588675,0.35095491054522654
75,0.2462482878270181,0.30572031438789515,0.1273619451705993,0.2831055608913994,0.03756389172308805
76,0.23271863073719326,0.37954924293164316,0.12220216412203322,0.18976557251182258,0.07576438969730781
77,0.18869247075401135,0.3444714895916123,0.2801889562402219,0.1482426156331994,0.038404467780955076
78,0.039694011171942434,0.3412612893404874,0.2993421811901335,0.11553268592768362,0.20416983236975306
79,0.35695441813138185,0.21184325362707335,0.2505489415536727,0.13219481412630818,0.04845857256156394
80,0.1464066132094636,0.24517990969776002,0.25160031064274413,0.304822851583764,0.05199031486626826
81,0.2975710933866782,0.10089124267915528,0.16796932990791125,0.08246962585808959,0.3510987081681657
82,0.10713715605804253,0.43581977399101346,0.14051525925102715,0.14965773458155585,0.16687007611836102
83,0.5153001569233417,0.11841122708525575,0.09232896177271455,0.2229352601257074,0.05102439409298054
84,0.43910867364736783,0.06591274919672918,0.06236477700277565,0.11240596859140484,0.3202078315617225
85,0.36678936807273854,0.23549124939567612,0.09511758740036358,0.2609454035641511,0.04165639156707068
86,0.056349790341977644,0.314705606288242,0.15979767889140578,0.18299157372813524,0.28615535075023935
87,0.13886717333823445,0.04912900244429402,0.17499627479418023,0.4646564110734389,0.17235113834985238
88,0.04912336822303562,0.136521694471331,0.058989845174106215,0.17529321405381224,0.580071878077715
89,0.063297783860459,0.27774221896785334,0.3300200119911979,0.28084484061910164,0.04809514456138808
90,0.07389199449774742,0.21523675252468377,0.20232714143142638,0.3891981070779085,0.11934600446823396
91,0.0011739618084656864,0.06455283047491227,0.10656189075000828,0.35249411832991523,0.47521719863669853
92,0.09343179048227541,0.21900759010802595,0.48562425420887284,0.2019363652008258,0.0
93,0.24450904166877266,0.17878389530631308,0.16990131689952748,0.25834615226582225,0.14845959385956453
94,0.0193745212004715,0.04865448084366054,0.07836203667790348,0.3881781084955893,0.46543085278237517
95,0.2461725186146305,0.14054261248146468,0.18905490525505314,0.1624131206470263,0.2618168430018254
96,0.2382223665446667,0.06031587181209655,0.2783639099260486,0.3731169393255859,0.049980912391602295
97,0.009284727115502992,0.16500775037469137,0.5793660390384784,0.2449664436744654,0.001375039796861821
98,0.14166465390981586,0.16682294547472004,0.07512620828084121,0.20383920301012715,0.41254698932449574
99,0.06713078171819416,0.15454059650645718,0.15293231573196225,0.12599591343210387,0.49940039261128255
100,0.13699040621396022,0.15803078690247704,0.31300593471793425,0.13362751417799978,0.2583453579876287
101,0.23831126752501824,0.1730873598271387,0.342595994071737,0.10971862569150104,0.136286752884605
102,0.323045238161643,0.24921022875071597,0.06679204001736627,0.12153746378350072,0.23941502928677405
103,0.19896243163871738,0.43083052725163895,0.14922045485242708,0.08750812715625567,0.1334784591009609
104,0.29726127996840723,0.3123602265586456,0.18877077955315424,0.1462793387715282,0.05532837514826472
105,0.058310097563433104,0.16798214412504495,0.4047395146220488,0.292014072700444,0.07695417098902912
106,0.2452607164842796,0.08885579680329142,0.16368142177664347,0.4187398728389568,0.0834621920968287
107,0.4161146666780555,0.15582307552570107,0.048956960543224626,0.11619332232272217,0.2629119749302966
108,0.35027724870993965,0.3106055039004049,0.08796928973225038,0.13546316655206403,0.11568479110534102
109,0.5967132717121764,0.07312681599377013,0.002696737681521566,0.05052428387847829,0.27693889073405364
110,0.04356022115740678,0.3563437761538377,0.3690179250645286,0.12073734377046152,0.11034073385376542
111,0.11054749732053773,0.20106187123875632,0.36002567887035736,0.257723084264205,0.07064186830614361
112,0.044883800661288595,0.209282445383427,0.49991839096230195,0.21626221651849153,0.02965314647449091
113,0.20656385126471785,0.05561325510607326,0.07559964039852685,0.12178417382702195,0.5404390794036601
114,0.156738750270305,0.08496931899297097,0.21517976369633324,0.13910914876098135,0.40400301827940943
115,0.11839802212371275,0.4328720459838391,0.29122585935433265,0.13047554145366547,0.027028531084450025
116,0.031110316013718275,0.23282374148618828,0.3624954092870501,0.2687901961885951,0.10478033702444822
117,0.19430452565506612,0.09771672465329206,0.1006472529022725,0.24633143769777527,0.36100005909159405
118,0.0,0.11611850171065168,0.5247120468488816,0.26366100656185765,0.0955084448786091
119,0.08006669746836456,0.22353298966612636,0.28322522268990535,0.10851779492034508,0.30465729525525864
120,0.14502743895024706,0.07327476201839722,0.1796223243340883,0.28858541537205695,0.31349005932521046
121,0.4599340691312309,0.08874390793369424,0.08289279872553978,0.24976546080404216,0.1186637634054929
122,0.018292584383207373,0.25049553032246336,0.33299637533775633,0.2904635338843091,0.10775197607226383
123,0.38181444382017016,0.4384908311898653,0.10241283170356164,0.07728189328640289,0.0
124,0.050960665807117285,0.37463867432252007,0.2852745960672662,0.19464338153549476,0.0944826822676017
125,0.20571840281159856,0.16371280909494754,0.22702918773479058,0.2871759115327326,0.11636368882593073
126,0.22004790456127107,0.14479110467114323,0.04571570060810193,0.16783318651477863,0.42161210364470514
127,0.258041132147552,0.23817910685025795,0.21440326452404251,0.22026507512150106,0.0691114213566465
128,0.08919198013775392,0.3522126836870834,0.2848392163600071,0.12030722106778469,0.1534488987473709
129,0.6153635271324257,0.2968805290900871,0.041763503150516024,0.015524164084757874,0.03046827654221329
130,0.4163070694007412,0.18148657646298444,0.14267242103226752,0.24218108643156322,0.017352846672443634
131,0.5728854760703957,0.11402543668987608,0.09084382770773025,0.12083715338435885,0.10140810614763907
132,0.01634349200201729,0.25156200292629904,0.4921855921986951,0.23345546618517732,0.006453446687811226
133,0.20722726737702402,0.28336813653084375,0.16924714519526612,0.25961623423957814,0.08054121665728797
134,0.019244621888934176,0.02901303080825757,0.15566405384166415,0.3409899783184792,0.4550883151426649
135,0.022322517270159655,0.031557492926713934,0.10295738812573958,0.3005216755120226,0.5426409261653642
136,0.003171254487948161,0.11564176288046174,0.32835802280256166,0.2263008757553635,0.32652808407366496
137,0.0,0.12509587740612113,0.6120036146149463,0.19324008895308065,0.06966041902585185
138,0.1315205260546733,0.16937918382089684,0.27857255692503025,0.1143610908766245,0.30616664232277513
139,0.29476989693461464,0.21698494450142236,0.23902658926287357,0.11794197625620573,0.1312765930448837
140,0.0,0.06905326369874176,0.160446222388734,0.49397385747321265,0.2765266564393116
141,0.8863669967859513,0.09021472248003404,0.02341828073401464,0.0,0.0
142,0.1235598474075858,0.33626783517487085,0.19054938509807506,0.13820178647808434,0.21142114584138394
143,0.17306005696637786,0.11561964991161602,0.2271171875025198,0.11387515991414543,0.3703279457053409
144,0.34741287834077544,0.11025102515108237,0.3458788670771422,0.1440402851877316,0.05241694424326837
145,0.052731079679000384,0.06986112273039877,0.3277085313935653,0.162245518985405,0.3874537472116305
146,0.10064204383555815,0.2050750186191177,0.25361674389440564,0.2982891261249373,0.14237706752598123
147,0.0496820300564818,0.1197828057242542,0.20002994326589696,0.32942321155267706,0.30108200940068996
148,0.47489994988013884,0.3859482950058679,0.09440179372339952,0.04474996139059373,0.0
149,0.05169857020125132,0.06092819588301872,0.02877591897236971,0.1491791297867218,0.7094181851566385
150,0.15969806467858152,0.09453810872785659,0.12029336369213783,0.35515540987719274,0.2703150530242313
151,0.2853760044550174,0.2289862934581795,0.18751354700449663,0.2115532805121454,0.0865708745701611
152,0.013076604125424645,0.2638772475239883,0.31621457918105894,0.3618022563466219,0.04502931282290623
153,0.13157832627189947,0.24915109375900202,0.07528009274753333,0.16268728926918397,0.3813031979523812
154,0.5140700341912543,0.12668814118583127,0.07860061298407217,0.10397722946096999,0.17666398217787227
155,0.0,0.06494449539377432,0.22543050857669955,0.2536018920491572,0.45602310398036894
156,0.04040590900953993,0.12206329662337927,0.3550278103866197,0.17125126138395252,0.3112517225965086
157,0.2621620303389538,0.14400152998028565,0.19737968722151206,0.18836427458213956,0.20809247787710894
158,0.15968770334582666,0.2950895331677339,0.30289331409846737,0.13345679269259914,0.10887265669537294
159,0.3143872935036584,0.3351204617624061,0.16863565410788806,0.06662339765915626,0.11523319296689116
160,0.5959567829884023,0.09622858136864443,0.03567722706132426,0.12107559673797885,0.1510618118436502
161,0.4324094455074669,0.1988354946997714,0.2225870612309695,0.09380491495163013,0.052363083610162064
162,0.689107507818244,0.2042779038637339,0.09892212413802737,0.007692464179994696,0.0
163,0.22452789902278136,0.05437285239376932,0.2037101477691971,0.41116210014691307,0.10622700066733914
164,0.052858239060150455,0.1918641753192767,0.3724755655541104,0.18647024120069988,0.19633177886576259
165,0.7607030576460133,0.07441856442903716,0.08576125810642732,0.06878776519944618,0.010329354619076025
166,0.126003408654527,0.22744322896880606,0.4224649511279096,0.15924360266887683,0.06484480857988051
167,0.14153970293032572,0.296990845475816,0.16538252452780733,0.2434610180453759,0.15262590902067508
168,0.02694571167445323,0.0784490760151023,0.34464266464293963,0.41338022301351895,0.1365823246539859
169,0.13751539601324078,0.047014649216223836,0.1944292788741436,0.22439026238088178,0.39665041351551
170,0.3108009394356528,0.1638249990046664,0.057359189243981645,0.1695828219912605,0.29843205032443865
171,0.22609016086393582,0.3843456517940832,0.1398991546532925,0.14671096718326004,0.1029540655054284
172,0.5912351894408655,0.12264955948762557,0.11553982046518219,0.14496216441553844,0.025613266190788297
173,0.18936410435942527,0.16243123691812386,0.21415796042907814,0.18659595480044344,0.24745074349292928
174,0.015713726161832507,0.08177116195185614,0.28274919865968495,0.48591994170324665,0.13384597152337974
175,0.137180840862423,0.294323317098726,0.3501444108581025,0.2183514311807485,0.0
176,0.098303264112105,0.19137355738282213,0.1915341766879436,0.3939343884801706,0.12485461333695869
177,0.48066656655186135,0.09669861357272935,0.11214223139795787,0.21676321685607325,0.09372937162137818
178,0.5680049405978759,0.05237741142749264,0.05780522305604352,0.10294685219415245,0.21886557272443552
179,0.0,0.20808125153504547,0.5010415000061355,0.21388095800815854,0.07699629045066059
180,0.4047215471655998,0.15107200751574956,0.07390187433279616,0.19117131092887374,0.17913326005698071
181,0.34595822262027703,0.038003988987629855,0.08173572328437156,0.24968436470712524,0.2846177004005963
182,0.19926989310676288,0.3349518289778277,0.21296750252258967,0.06952676722808704,0.18328400816473267
183,0.14054990865391387,0.3673387176293201,0.2272605541338325,0.14920941972782997,0.11564139985510358
184,0.03191570326043355,0.0674996589764614,0.15997450557882942,0.14716444122473193,0.5934456909595437
185,0.25379827286312606,0.15591038832685156,0.2559133522706164,0.1926198591357019,0.14175812740370408
186,0.06197606199664342,0.15679634632678158,0.2545627255074331,0.12706976066624892,0.399595105502893
187,0.27056231647727774,0.30480822339633057,0.3002966237922273,0.12433283633416436,0.0
188,0.10684080058293666,0.08289091660312045,0.33172910372142017,0.15588887959563857,0.3226502994968842
189,0.20107052610186557,0.10007235714003823,0.30994609423664105,0.24898593050953421,0.13992509201192094
190,0.11003630792495306,0.13179865596042206,0.3534772685237941,0.36388294314444514,0.04080482444638567
191,0.11086183814328104,0.2505134925131846,0.4026948870769431,0.15355413483507763,0.0823756474315136
192,0.05083983301301911,0.37924204059775274,0.33441983131746617,0.2227158259303228,0.012782469141439212
193,0.414944833356404,0.04638598678461997,0.148232687278063,0.31680394541149004,0.07363254716942302
194,0.4978350302218318,0.4022680244499553,0.09584319854500822,0.0040537467832046925,0.0
195,0.04835949399193036,0.22350510307361382,0.11695811440634296,0.10575182168082287,0.50542546684729
196,0.5651757327771227,0.06420413834642691,0.14993112863405134,0.18276037625519426,0.03792862398720476
197,0.11344811729721305,0.5654898246381715,0.19066794769845163,0.13039411036616377,0.0
198,0.1595818903787255,0.11938542949624353,0.2866034827868824,0.3270043561607734,0.10742484117737516
199,0.13085766070884014,0.1002684762538206,0.10628445623016727,0.3516196923801082,0.3109697144270638
200,0.5016904873024401,0.25950684737147445,0.17461553610000402,0.06418712922608139,0.0
201,0.3459100152423102,0.15444056281702007,0.2492445320763932,0.13567572803202887,0.11472916183224768
202,0.3080973938928081,0.20619678535242136,0.19409575542565904,0.2393009809469978,0.05230908438211368
203,0.24189068185428053,0.24470580992110985,0.12001086093601848,0.2955735100819331,0.09781913720665802
204,0.05439501156564313,0.25203735385048104,0.25437894375596837,0.1926669843113994,0.24652170651650807
205,0.10633343554331873,0.36314177225234967,0.35375803322308164,0.09888557903476869,0.07788117994648125
206,0.49635512296821144,0.0870404057312309,0.10591384751909971,0.07333761643736203,0.23735300734409592
207,0.20724664670546877,0.18825210065576536,0.13767991144874758,0.1883392171500443,0.27848212403997397
208,0.11183684371075168,0.05297952616029648,0.2521180356136794,0.18345009757992103,0.39961549693535137
209,0.21780598805995582,0.13776079045118372,0.24668086479096768,0.2660098821410176,0.13174247455687516
210,0.13929793551620032,0.06776535240828102,0.32324082398628795,0.2038106485952007,0.26588523949403
211,0.04909965495784283,0.29656735827978464,0.17570025571337688,0.15995115465693477,0.31868157639206085
212,0.402817876802975,0.18855059287588805,0.12369253381601109,0.11020611557242066,0.17473288093270523
213,0.0,0.17025903897699693,0.4635718059837014,0.1937338585885927,0.17243529645070899
214,0.4095851874250702,0.4538846704902113,0.1284012042959214,0.008128937788797086,0.0
215,0.3062222373658433,0.2145227416404808,0.19230497319522832,0.13504265896039735,0.15190738883805022
216,0.10033535842188726,0.2125445779154874,0.10796358206939544,0.353498296335721,0.22565818525750891
217,0.246191542700301,0.10701170429619053,0.36876867992629536,0.1606260017009662,0.11740207137624692
218,0.1716467989085793,0.45136823692307876,0.17269972516735888,0.05196693971061728,0.15231829929036578
219,0.03399365336705721,0.1316807995007977,0.0942409908091458,0.33759311994265817,0.4024914363803411
220,0.25975334241634257,0.33146914200607586,0.3177989069144155,0.0909786086631661,0.0
221,0.29800382746649384,0.2806941614011082,0.12881177062016647,0.2258582349892666,0.06663200552296489
222,0.17297285286607833,0.15255616360985247,0.04170928204673702,0.15692963335215188,0.4758320681251803
223,0.12983693345987082,0.22642685973709545,0.14996510042821393,0.22410407118714848,0.2696670351876713
224,0.03203951394836962,0.0936072218909055,0.16023437939879034,0.44020508501273947,0.27391379974919505
225,0.08023415571017169,0.14707867050568324,0.1807069016088928,0.25437606247328814,0.33760420970196414
226,0.0,0.01525380941559146,0.31395979660054346,0.4753325415526497,0.19545385243121538
227,0.07153432433498091,0.0059371094090056725,0.0848685958149802,0.3897773509405055,0.44788261950052777
228,0.08095459030397795,0.1123454389968074,0.10558587705107,0.17139098139208536,0.5297231122560593
229,0.13824324271703553,0.17862217135551117,0.24953052586249863,0.21283027117175923,0.22077378889319543
230,0.1251682944441956,0.19525060072700426,0.4785761843073359,0.16572905413733474,0.035275866384129495
231,0.11187089941664682,0.05664521435308337,0.027200225668534084,0.2140823229325421,0.5902013376291937
232,0.3108876798793153,0.20037916846099357,0.197380124761235,0.2223326918297659,0.06902033506869021
233,0.11784160986562454,0.44588235272927534,0.183043826525356,0.11131655854654943,0.1419156523331947
234,0.14343707357263588,0.47679721620292836,0.32822075939378115,0.05154495083065458,0.0
235,0.0,0.05439843252033185,0.19671873207123244,0.22862105992783482,0.5202617754806009
236,0.30460933396747564,0.33888924705077467,0.12874495206486625,0.0862163424446154,0.14154012447226805
237,0.0,0.09910158881148075,0.22339807517718024,0.2969304681825599,0.3805698678287791
238,0.12530047366848082,0.39311219005717524,0.1607383141392218,0.14217447649587023,0.1786745456392519
239,0.16494056385805672,0.1589811193837833,0.2351411767949113,0.33155463140869934,0.10938250855454934
240,0.03860358051696065,0.2324316006910931,0.14995788462582943,0.2706744032634333,0.30833253090268353
241,0.1462630385553081,0.2410754675351412,0.11256787449745626,0.23823384883005833,0.26185977058203613
242,0.18294643477102285,0.083593746665939,0.09951522005029045,0.24535188366511135,0.38859271484763636
243,0.042029111667498564,0.0,0.0,0.12777301609770506,0.8301978722347964
244,0.0027288453893734945,0.19790039145178398,0.276008164803505,0.25920732808396224,0.2641552702713753
245,0.15172430843816803,0.061900467370038736,0.1709626452903779,0.30951447516081754,0.3058981037405978
246,0.11925796047255595,0.407163229580732,0.11062529306198898,0.12344336922102372,0.23951014766369938
247,0.06782805341648428,0.16051372114514373,0.24820428746819712,0.4203378879085086,0.10311605006166624
248,0.36211804711414436,0.2513052591907384,0.07878311513676473,0.13957802436411082,0.16821555419424172
249,0.44219657523038064,0.15797968016313285,0.15730640538918095,0.2106439270225574,0.03187341219474815
250,0.05529393014461077,0.258463798577079,0.21693207491627137,0.36198330485717944,0.10732689150485941
251,0.0,0.16124081707608187,0.5347624782264079,0.20189723949020755,0.10209946520730273
252,0.023999765536396628,0.16758146937350954,0.16612031267454022,0.17050019195855026,0.47179826045700335
253,0.4045801781613356,0.18639479472440712,0.18897018590752923,0.21243206365223566,0.007622777554492366
254,0.2225984031774804,0.15095616600330794,0.1322402594562082,0.27087679480976,0.22332837655324345
255,0.4548271962078503,0.21133047681914086,0.055157625923626497,0.16217981021910965,0.11650489083027271
256,0.3477719087329507,0.08698868163114643,0.2082099933580976,0.13276519914724028,0.224264217130565
257,0.08916729309524252,0.01361627996477452,0.06379743107485897,0.3383706583514602,0.49504833751366384
258,0.24500345383425495,0.08896555435381318,0.26405213061196225,0.1380548007720166,0.263924060427953
259,0.07112739902308315,0.10821165269125457,0.3605967345942884,0.263051135062637,0.19701307862873685
260,0.13781450964601497,0.30416218109345194,0.29926703370416263,0.09759369548249652,0.16116258007387396
261,0.526506795986269,0.160844935193851,0.07463040394521625,0.09702579867824457,0.14099206619641913
262,0.10563335397309424,0.15600047547795098,0.5869924758596157,0.15137369468933914,0.0
263,0.8030586288656479,0.143121241727041,0.026045195050626968,0.0277749343566841,0.0
264,0.06253108538817925,0.14574461714030543,0.24266935018351996,0.2616994492290487,0.28735549805894667
265,0.18246030160074048,0.17492900925519225,0.2939073321529436,0.203762983859043,0.14494037313208064
266,0.26329402153898046,0.09357466512018903,0.24365401917757723,0.13402376591900333,0.26545352824424995
267,0.14730605517287718,0.33696394927590223,0.10954575807332756,0.17630059151096045,0.22988364596693256
268,0.055152983599758995,0.08906028010286272,0.20005920477012396,0.16618831412749907,0.48953921739975526
269,0.17078864031143617,0.10607085936328012,0.39778453325369983,0.16333163785719296,0.16202432921439092
270,0.4757709513427082,0.28713150595158377,0.11926136334339199,0.1092644971769614,0.008571682185354645
271,0.4361285286484337,0.10850677746122545,0.11653441265463871,0.10152105593636518,0.23730922529933696
272,0.05363496799756788,0.31479492844306756,0.4061345392332438,0.17008221701434212,0.055353347311778656
273,0.008258261117110198,0.15783021318133444,0.2811409268170718,0.37505558231397285,0.1777150165705107
274,0.18129278023747172,0.17720219456848738,0.3574941169858747,0.1278651720542805,0.15614573615388572
275,0.14590639256294957,0.11130667019736634,0.358168102907458,0.2484136604218592,0.1362051739103669
276,0.40449555446723384,0.2075280209103505,0.20664784906757183,0.18132857555484383,0.0
277,0.11839860017666726,0.23587730667712115,0.3473942968014645,0.21066569666649881,0.08766409967824829
278,0.2294857574440271,0.17682672743106925,0.21770456514022546,0.3000232715518665,0.0759596784328117
279,0.1685628258891214,0.2183080342875606,0.0790449577807491,0.13865983638003598,0.39542434566253293
280,0.37636028051976533,0.05234670336299485,0.11893680032163423,0.17363481738577857,0.278721398409827
281,0.17673425631006778,0.1635717990960575,0.357753270640817,0.13711154451536822,0.16482912943768946
282,0.05859341956000888,0.3977362966428737,0.3161988160261505,0.15311422722469747,0.07435724054626947
283,0.5406354000917749,0.14630005906001786,0.14886840158958714,0.09129398870689698,0.07290215055172311
284,0.08390049263782616,0.06051012219271566,0.20554727157025812,0.5010323102263748,0.1490098033728252
285,0.122787036936074,0.29675237960916173,0.2364623139732357,0.14581803630644052,0.19818023317508804
286,0.041472032101451346,0.034358502631009195,0.20104822219589524,0.41974993646459363,0.3033713066070506
287,0.476890903298502,0.16603699523671672,0.12519518587762368,0.1020401479823716,0.12983676760478602
288,0.04879814357826255,0.06597087003466462,0.12498164465673235,0.500859174505264,0.25939016722507646
289,0.25193137930565074,0.021279687099663824,0.007601155561766326,0.08260128238307474,0.6365864956498444
290,0.08886109027452571,0.2071626496445833,0.12866482938947887,0.2543794516625494,0.3209319790288627
291,0.08549261188557274,0.08434597860436897,0.29386806344574634,0.42881044803997154,0.10748289802434041
292,0.06743609741493946,0.027779441787454923,0.0741318718176351,0.3641761462166193,0.4664764427633512
293,0.18198570352865995,0.15050450132207188,0.38811358517110844,0.20536885878090783,0.0740273511972519
294,0.12552031441557157,0.5091573715647869,0.23780848576384372,0.12751382825579782,0.0
295,0.0,0.017298244202364334,0.13394551647758665,0.35558067460076287,0.49317556471928614
296,0.2542669012821201,0.3212894080788112,0.14973902979330156,0.11846902672122595,0.15623563412454122
297,0.22695862618383042,0.10516830681456393,0.04674098581545566,0.19610501000872754,0.42502707117742244
298,0.13567926657931367,0.2571061767683732,0.43181378330302805,0.17525862869355446,0.00014214465573059165
299,0.03790158705286668,0.12927942284694396,0.28525540513978886,0.1678387125916051,0.3797248723687954
300,0.11361532852878582,0.09363112393843294,0.3359819526872212,0.4032150702031635,0.053556524642396575
301,0.19400072683392383,0.11705108536992342,0.14805158676198044,0.3475308336996175,0.1933657673345548
302,0.27934599155820183,0.06222717607381589,0.22281494847937489,0.3035771941336348,0.13203468975497257
303,0.15266992671126434,0.17389081319382654,0.21405038022058825,0.13130877847446099,0.3280801013998599
304,0.15596601960871068,0.3895505013071987,0.2557818394862684,0.14536486346972977,0.0533367761280924
305,0.0840618511355088,0.11915286445072017,0.2408967197792973,0.4503932515094495,0.10549531312502425
306,0.14621525365372134,0.5079376163527134,0.23430275050257043,0.10454794254185085,0.00699643694914398
307,0.0,0.17265787252781084,0.17728459793250206,0.3049379535143878,0.3451195760252993
308,0.1838888632576956,0.10240453237995883,0.37622537399452316,0.13700898068093148,0.20047224968689092
309,0.17808328749586463,0.26765219185824796,0.21988059801058601,0.27840244499510725,0.05598147764019412
310,0.10423196658080805,0.030843928507552215,0.10905168389571313,0.43544684589818633,0.3204255751177403
311,0.04703922188382324,0.4420704475348424,0.13794836390339,0.08857732664035256,0.28436464003759176
312,0.31443054059611164,0.3914773163190489,0.271897654203779,0.02219448888106046,0.0
313,0.03352348346563379,0.16480226160416772,0.10764578888328047,0.23054155234322005,0.463486913703698
314,0.14959213460897702,0.13783726913163036,0.14628569099675526,0.4573479658296757,0.10893693943296168
315,0.22508106233771089,0.23119999815816686,0.25123732587591235,0.27224050229076013,0.02024111133744977
316,0.2816408804203529,0.024943408896114905,0.11465027314122112,0.39948096628898705,0.17928447125332403
317,0.26547226754020387,0.5053322127790485,0.11082085741766101,0.0935539521252956,0.02482071013779097
318,0.0,0.13795026991428044,0.3724951120802586,0.15536726623261765,0.3341873517728433
319,0.4115979630545704,0.08054154142217818,0.04596360139144018,0.13958311365930431,0.3223137804725069
320,0.330024873408729,0.08930390570374169,0.2995813859227412,0.2383596108574907,0.04273022410729743
321,0.07047970100587284,0.22093171196883113,0.5506038955408658,0.1354242343424471,0.02256045714198318
322,0.2734480881654902,0.18571829901321885,0.2211598704640787,0.278433765709327,0.04123997664788526
323,0.21660737658593893,0.10014345807314273,0.3504843048516249,0.3070259302065439,0.02573893028274954
324,0.19155121400885158,0.3395081632988489,0.266568227582889,0.1812181722227577,0.021154222886652807
325,0.3308566564973773,0.09777763865937211,0.15761080396244426,0.09307529422235805,0.3206796066584483
326,0.01694793786490858,0.2713785191481493,0.2051522270009884,0.2964607881647442,0.21006052782120954
327,0.14554638653570953,0.06450770651924015,0.06227066653549482,0.14190945338023403,0.5857657870293215
328,0.18663943077043504,0.21834120248340944,0.1543976638154929,0.09237461727322649,0.3482470856574361
329,0.4079832261401358,0.05869187675320481,0.04419134054960355,0.1355562258559232,0.3535773307011326
330,0.22973141968771835,0.09429226069958732,0.10234487357229716,0.21756765722548632,0.35606378881491085
331,0.044804913318025615,0.34774977831397724,0.3261290921664809,0.183206482244618,0.09810973395689826
332,0.1154726036767414,0.05140716643848815,0.22455151433605006,0.4085852302944921,0.19998348525422827
333,0.13994128662626368,0.11133925654245355,0.32157843719890494,0.166752589655781,0.26038842997659684
334,0.11433707325910436,0.35238649360369234,0.30148145250975433,0.14113469093627473,0.09066028969117423
335,0.3990226549829656,0.17863180342686497,0.25392516531852427,0.07362800821678783,0.09479236805485736
336,0.6086071367861655,0.13769208904950847,0.09228620639362661,0.0910037369050889,0.07041083086561051
337,0.3865302125464994,0.11011622982674396,0.1439295979104281,0.28741006727524676,0.0720138924410818
338,0.3962641252044328,0.0678328315652394,0.0405566657999622,0.2254702275368191,0.26987614989354647
339,0.4726038773847574,0.1076385173376666,0.1315626410031373,0.26299230145078567,0.02520266282365302
340,0.02378617876583501,0.1499552111846193,0.07101954827318493,0.15981302240749903,0.5954260393688617
341,0.19102584408662204,0.45092758591221993,0.1990660393141227,0.050385422358053766,0.10859510832898156
342,0.005138555399494686,0.18295637415355115,0.14167311557724913,0.30397876578597377,0.3662531890837313
343,0.3992516194244569,0.06552518879147501,0.12887103079928464,0.14411703672255105,0.2622351242622324
344,0.012361587618782997,0.24209820072264063,0.429406934959268,0.2722163605305886,0.04391691616871973
345,0.1390675396059299,0.1625603764744423,0.11855022502567714,0.3360355563779338,0.24378630251601685
346,0.0,0.05461950239564825,0.2908915348769102,0.330581347261119,0.3239076154663225
347,0.015319042493776422,0.14941477959640195,0.3400441635134902,0.19735623740674624,0.29786577698958516
348,0.2140762949260361,0.3806095466541507,0.17671808902450037,0.17439692235805493,0.05419914703725792
349,0.14931052350589216,0.14655652287293083,0.09561004464480272,0.29429639106434036,0.31422651791203393
350,0.013436658047803328,0.17449465127896652,0.17757876283377674,0.3902162755065938,0.24427365233285958
351,0.32855132069822146,0.1011778230003943,0.12067246813206017,0.283352344422072,0.16624604374725205
352,0.33981590012209595,0.1404731484842623,0.08466729309776833,0.29809562627782904,0.1369480320180444
353,0.02826184977657551,0.33383512936388854,0.32498575607336716,0.14916164803535947,0.1637556167508093
354,0.2298184982649365,0.05435097345402495,0.0477519641219033,0.11237172454769745,0.5557068396114377
355,0.007052380037637147,0.15926700554072362,0.6208103495180688,0.19511528465258576,0.017754980250984653
356,0.035032689986262654,0.26434342563208296,0.18743286594578779,0.14384946534467807,0.36934155309118855
357,0.0150412957652525,0.13177130969913606,0.4024955647720083,0.2683810362565895,0.18231079350701362
358,0.08913823382828584,0.07173299953596199,0.16947849151186758,0.5529847248754078,0.1166655502484768
359,0.17066076428365443,0.04524940459700452,0.1117113932730392,0.17889517289861107,0.4934832649476908
360,0.0,0.0,0.1281878090725631,0.4495137841597072,0.4222984067677297
361,0.0,0.14930990820531176,0.5256864369685651,0.28189147005673576,0.043112184769387385
362,0.004163589553804001,0.10043787551186154,0.44363673578717217,0.312640679507709,0.13912111963945328
363,0.180094121467709,0.1177077726093129,0.15477278593719807,0.3473239450319361,0.20010137495384395
364,0.08242058746843121,0.1261969416200821,0.13995099003368833,0.35361164534215883,0.2978198355356395
365,0.16629214637802298,0.20764991042662206,0.05026049365804086,0.15452787380960292,0.4212695757277112
366,0.1094506385788561,0.4185151528422451,0.31045546378397537,0.08072297902952696,0.08085576576539644
367,0.28205593258598854,0.11632503385737292,0.16478137850724778,0.20249770617431595,0.2343399488750748
368,0.2983082568322604,0.12280240802501258,0.19508695620429406,0.24439605728926816,0.13940632164916478
369,0.3198124987458825,0.1709493267257255,0.16396677038888502,0.1840031723130353,0.16126823182647165
370,0.11952398527978353,0.18497671007850242,0.2868922187543096,0.22976860726067405,0.1788384786267304
371,0.46872311726248517,0.0857027492479886,0.19459602985031954,0.09241728210224509,0.1585608215369616
372,0.13242222836183482,0.5928953266495404,0.1751587146020097,0.09223508764635124,0.007288642740263862
373,0.3799443673152982,0.05041428181844099,0.1692989458293544,0.28755610660547604,0.1127862984314304
374,0.22997577114649714,0.1990428937044798,0.4590892659154622,0.11189206923356088,0.0
375,0.434356404422983,0.3397482037661493,0.10789080572718457,0.10177165942605759,0.016232926657625546
376,0.10132468582329758,0.37488083233934744,0.286528019382017,0.13268359004312125,0.10458287241221675
377,0.08466162912436136,0.11558386355984764,0.32754937873306667,0.15326591392037103,0.3189392146623533
378,0.11199429978988863,0.24695901475497695,0.41879456035579954,0.19240346392817942,0.029848661171155477
379,0.1960264906839052,0.154997502739593,0.39136787378014026,0.18699114082836588,0.07061699196799565
380,0.11223794869578288,0.3562109033050822,0.10891160846455583,0.253016218547377,0.16962332098720212
381,0.0,0.022563381360692972,0.1970558442091201,0.2596861654854519,0.5206946089447351
382,0.13487903011987898,0.3452885938513469,0.11694767260366223,0.1523611703156761,0.25052353310943576
383,0.26941210016994377,0.13654358966522,0.2695120373355359,0.2536647720789901,0.07086750075031023
384,0.3056449008340216,0.13693625522729974,0.22221271176523655,0.10925088695905383,0.22595524521438826
385,0.15890296837368814,0.0708072825993683,0.14766744864991818,0.1270049174986323,0.4956173828783931
386,0.3056835913501257,0.15204710643063069,0.19378674464675683,0.23845489318538993,0.11002766438709688
387,0.13600275990748192,0.32212300265343774,0.1500293222788195,0.24961324294649523,0.14223167221376565
388,0.17850360492023362,0.47618931204438186,0.14045290029990964,0.14856760872584518,0.056286574009629664
389,0.39541892927560884,0.07613963263956897,0.23868086089835622,0.17191891660236103,0.11784166058410495
390,0.34675882357051446,0.17073661676249785,0.19510956998113382,0.1889253764428147,0.09846961324303916
391,0.3916390684783482,0.3582514414868715,0.15063449714702337,0.07490281119878506,0.024572181688971906
392,0.3305427050979999,0.0889410388512159,0.3390321402780962,0.1702621072692354,0.07122200850345262
393,0.11326182680790566,0.042856154845519565,0.1522252459847933,0.363500603791291,0.32815616857049046
394,0.22361665030224195,0.09003155997507625,0.35469120328632847,0.18943125244656256,0.14222933398979076
395,0.2169326705371444,0.10057857797161832,0.17623954020918492,0.23384434533210974,0.2724048659499426
396,0.11260278091146685,0.28146030378935116,0.21870167911994437,0.13854124021418202,0.2486939959650556
397,0.14086675127593,0.41716974803995305,0.126872603108807,0.12007362831418644,0.1950172692611235
398,0.0617025653513729,0.184934917861215,0.22835714019679787,0.15563423788476444,0.3693711387058498
