id,0,1,2,3,4
0,0.45882550947845224,0.265498649796709,0.10516860358067137,0.1693508052674485,0.0011564318767188775
1,0.21203916856303318,0.09360637649617654,0.17178318480704668,0.36580033885301033,0.15677093128073327
2,0.10216221659682445,0.14314205418847759,0.18572312798714907,0.1254644107318994,0.4435081904956495
3,0.17302927248037447,0.2523459521391096,0.14197235839841382,0.06957625320617933,0.3630761637759228
4,0.3509059204574415,0.3155485425858736,0.14101838149286916,0.16235640674072305,0.030170748723092666
5,0.033687648510765666,0.37036274285045767,0.2506099641765758,0.18275304574753481,0.16258659871466608
6,0.6213939991376678,0.13238477460502385,0.13811099617639444,0.09246371017839483,0.015646519902519085
7,0.19312534091194566,0.2688999970330913,0.2835046366709584,0.21730322249840472,0.037166802885599926
8,0.44465822198734084,0.16301991902847046,0.15073169070206105,0.16359675860908685,0.0779934096730408
9,0.19062474882148728,0.0590114789902072,0.04433448468767143,0.08565626642944624,0.6203730210711879
10,0.06950564003643744,0.27745421725314723,0.2513962174986547,0.2554586610352425,0.14618526417651811
11,0.31972573879102595,0.09092675014678242,0.30626155963553636,0.13836673290748447,0.1447192185191708
12,0.04807746418794756,0.03884806834006427,0.11832651793957172,0.4350248278376987,0.35972312169471776
13,0.49476113510468533,0.1223791282355654,0.22525958710104588,0.1337332270952768,0.023866922463426588
14,0.16506389326039506,0.049091776306539825,0.15112231684316946,0.3468394775383199,0.28788253605157577
15,0.13206172341363964,0.32644018464072977,0.13954829615387332,0.24182632027934248,0.1601234755124148
16,0.41212271676981305,0.30438567855259646,0.1268524010764731,0.047186384906595547,0.10945281869452184
17,0.026693035598592152,0.2551426276687071,0.35333023797278285,0.19869478769492366,0.16613931106499424
18,0.06916191352004253,0.17536654305956811,0.6046131075368,0.15085843588358938,0.0
19,0.08073478731180506,0.20082564763845245,0.3457641955684062,0.12744474210598655,0.24523062737534973
20,0.7750730136744275,0.046128441728456204,0.0,0.05955044334430171,0.1192481012528146
21,0.07975534095245007,0.1668581781705245,0.3781862713255375,0.1535256785894824,0.2216745309620055
22,0.3639392366212809,0.2800945026606041,0.11576333952224249,0.11355996072658736,0.12664296046928514
23,0.23999109362756843,0.08083880922789877,0.035080588409377,0.11200873936042177,0.532080769374734
24,0.03764856145401163,0.15523168231734663,0.44638021215163126,0.26232602981461617,0.09841351426239431
25,0.025241406226994112,0.20534227868612898,0.21680945107269878,0.23673312241574995,0.3158737415984282
26,0.09598800648679617,0.09770161438292391,0.24919185210171046,0.35086590216334035,0.2062526248652291
27,0.04069189144889018,0.22379862282519447,0.2508722615166499,0.3451002127056505,0.13953701150361497
28,0.5201514514939484,0.05863600118616652,0.04793225888295716,0.1008719049947937,0.27240838344213425
29,0.14499959878270374,0.19186473500357426,0.1489531149093558,0.2649826147719557,0.24919993653241046
30,0.20529480562416091,0.14181853629202668,0.17534937735038425,0.21192279000007752,0.26561449073335064
31,0.0987475743164683,0.1428762014040833,0.09201288797226137,0.36414160720730004,0.302221729099887
32,0.7866594408161849,0.07049774608631854,0.10042189450612649,0.042420918591370094,0.0
33,0.4711875665280092,0.11847938405648151,0.3521511774083128,0.05818187200719649,0.0
34,0.0,0.0,0.14037814766348755,0.2512943761507801,0.6083274761857324
35,0.0,0.042975222597762985,0.21342028438233818,0.2819081215437945,0.4616963714761043
36,0.16401936731674394,0.19082575932285983,0.13787079318351647,0.2204147085236039,0.28686937165327586
37,0.4161905325969998,0.25530473695545386,0.10756663251930287,0.09194406804455812,0.12899402988368536
38,0.3575089059506952,0.13859728664949855,0.2584044757882753,0.228734425376927,0.01675490623460396
39,0.0,0.09755104894669664,0.6105346907519764,0.1921585301657045,0.09975573013562244
40,0.0,0.04445831142375922,0.11559185131809646,0.11587184365947223,0.7240779935986721
41,0.110129579826029,0.4228634844468494,0.14436579258376048,0.21845272257570836,0.10418842056765276
42,0.2051890218170178,0.4105769269849451,0.10682118590527334,0.11213706074870988,0.16527580454405388
43,0.31810627845067374,0.05215543779954174,0.0,0.06317336104641008,0.5665649227033744
44,0.07677044639940145,0.2019023677480748,0.30451700657603376,0.22850548152364447,0.18830469775284553
45,0.3389821172919555,0.04801058489832233,0.09367581690541038,0.1273758338781361,0.3919556470261757
46,0.0,0.026650975091426,0.08378494439633999,0.3005106781925262,0.5890534023197078
47,0.29735018263260204,0.46317578902504,0.19496981725662388,0.0445042110857341,0.0
48,0.08779861166310621,0.13120722840623233,0.09057120530648555,0.21363873017992596,0.47678422444424995
49,0.2746634862183138,0.3297882802280022,0.08633431698953953,0.07064468060703621,0.23856923595710822
50,0.43033265525014175,0.14915884736937646,0.13782845452155956,0.21022921451670584,0.07245082834221639
51,0.36326662611527516,0.05487751494147608,0.1571729436158149,0.16775178403009172,0.25693113129734213
52,0.5085529349989585,0.11072776552088759,0.04643603522836226,0.12373344459095958,0.21054981966083208
53,0.38051189504311433,0.09832630510589835,0.3092187950405071,0.12667578854268724,0.08526721626779299
54,0.03388100128593763,0.29925804364026787,0.30891264685284525,0.16033319300872695,0.1976151152122223
55,0.14070035592582997,0.481763206931906,0.28978711784381883,0.0692644268582957,0.018484892440149503
56,0.21357757836961222,0.3092687718754191,0.29989261058670047,0.15378984171712096,0.02347119745114723
57,0.08827726319623441,0.1666229241095648,0.2906329104730889,0.2255062467050345,0.22896065551607736
58,0.3369471492857715,0.05184545373001603,0.06088882023827935,0.2735943333536708,0.2767242433922623
59,0.4634426105842848,0.13220422659487785,0.17187584567562209,0.06615441808409461,0.16632289906112063
60,0.3174624695187285,0.08649381102629816,0.26850836744140805,0.2466616919074015,0.08087366010616381
61,0.3237342563049098,0.12724824911356003,0.16788717004682174,0.31512476758949526,0.06600555694521315
62,0.15441684841734205,0.22177372231237336,0.1180109356236203,0.07262805903283198,0.4331704346138323
63,0.2910019608330744,0.24971529576493612,0.3765973069744636,0.0826854364275259,0.0
64,0.012754086426125522,0.11793794273043556,0.16806674533669563,0.3096171564651632,0.3916240690415801
65,0.005067287851900915,0.1791220162071967,0.22433853405604876,0.1855038886705197,0.40596827321433393
66,0.041696552102570394,0.270408383188637,0.07130963667325807,0.10160433666819735,0.5149810913673372
67,0.0,0.026046036200017664,0.13300367361417442,0.3633705188119345,0.4775797713738734
68,0.47395152716349986,0.16435218075524372,0.2276731742727457,0.08055605520812081,0.053467062600389914
69,0.013181251857514953,0.034750596151602475,0.08553825567289386,0.3271042364175796,0.5394256599004091
70,0.050679508702342946,0.25882362255244384,0.13486682644802928,0.24361117627882156,0.3120188660183624
71,0.3925107557498525,0.10160997194327548,0.33405714494647964,0.09680839345721393,0.07501373390317845
72,0.06608640606800908,0.3510053581030289,0.1850329775991354,0.23608482464391134,0.16179043358591527
73,0.2834014310928029,0.5763535906653695,0.14024497824182758,0.0,0.0
74,0.051251819336232574,0.15842950358821517,0.2936219516977999,0.14681346669634365,0.3498832586814087
75,0.24687121374093945,0.30659880704082476,0.12069037630857804,0.28706499633882,0.038774606570837755
76,0.23401364344152042,0.380680044938264,0.11667804310845153,0.19277262212988588,0.07585564638187814
77,0.18948309794025853,0.34483870454345267,0.27860874936615543,0.14920742508633866,0.037862023063794714
78,0.040420236707743196,0.34294646133527773,0.29980235861064497,0.11384488863516617,0.20298605471116793
79,0.3560498466204326,0.21092381418928086,0.2521152833418303,0.13307976454826986,0.047831291300186374
80,0.14630307530144715,0.24625928351494997,0.24719764344094297,0.3074459304849394,0.05279406725772051
81,0.29579924706893324,0.10072042548275795,0.17401794827372907,0.07941110679200092,0.3500512723825788
82,0.10923217312357458,0.4378454403272831,0.13558122470996425,0.1503385324726273,0.16700262936655075
83,0.5134959056489226,0.1172251355773839,0.09114578245426763,0.22652547036081772,0.0516077059586082
84,0.4371514430118326,0.06502818285568412,0.06677453665966981,0.11114939226116594,0.3198964452116475
85,0.36668988884507137,0.23544810639321578,0.09011501328074922,0.2649871855127578,0.04275980596820583
86,0.05736677900199316,0.31675571761851673,0.15761127029884503,0.1818120110622261,0.28645422201841897
87,0.1371644788969938,0.05023493055839778,0.17015794341694235,0.46769436463714376,0.17474828249052232
88,0.0484997646312888,0.13898301678273794,0.06117460832187671,0.1711159165634495,0.5802266937006471
89,0.0636044162212327,0.2788456645076234,0.3266807705141789,0.2826131100420006,0.04825603871496442
90,0.07373191704209836,0.21713764724167128,0.19591840259883042,0.39226409282336683,0.12094794029403311
91,0.0,0.06704868407254438,0.10525719451792315,0.3512842422309629,0.4764098791785696
92,0.09268041568737617,0.21903039810589264,0.48736868724734106,0.20092049895939013,0.0
93,0.2439105032100558,0.17916978750508905,0.1679011012767454,0.2598905669712006,0.14912804103690913
94,0.017920355164318558,0.051316649137369996,0.07611036663699566,0.387524737713285,0.4671278913480308
95,0.2452289771354682,0.1404752978547854,0.1917024549571773,0.16078291304515713,0.26181035700741195
96,0.23616475822958105,0.06008570262026469,0.2766156491464138,0.37619220726817804,0.05094168273556243
97,0.007983583412651929,0.16496566758783615,0.58281563320764,0.24409354665190164,0.00014156913997032117
98,0.1411799850708928,0.1684787523081691,0.07522387656495533,0.20249319238512065,0.4126241936708621
99,0.06642078404641627,0.15633009337639447,0.15705470594689164,0.12114163318922322,0.4990527834410744
100,0.13589668359588303,0.1584211880832821,0.3176643805455308,0.13096106269378105,0.257056685081523
101,0.23710468215469793,0.1724403960378038,0.3473959571002362,0.10812844681381728,0.1349305178934448
102,0.3230535458433843,0.24962175801474862,0.06627869852282076,0.12172684924010801,0.2393191483789383
103,0.20055759676919382,0.4322704682840669,0.14613560977602214,0.088108514254705,0.13292781091601213
104,0.2979655428718637,0.31204619279689094,0.18690423462568906,0.14781162956451044,0.05527240014104584
105,0.0572015352751033,0.16881201253853262,0.4045968951102302,0.2927650228980133,0.07662453417812054
106,0.2437934203460349,0.0892790170365545,0.15844620358342143,0.4232175351118178,0.08526382392217136
107,0.41474108713361946,0.1557430697416301,0.05070970223497373,0.11616034579201262,0.2626457950977641
108,0.35078770137596105,0.3107973529682799,0.0853353687281253,0.1373471549610622,0.11573242196657152
109,0.5943621083229937,0.07160584601333109,0.007716873621314346,0.04993174482281926,0.27638342721954157
110,0.04428811943964628,0.3577007417831307,0.3693984672494912,0.11952178862165763,0.10909088290607416
111,0.10984447296338462,0.20156082771802408,0.35969443282191627,0.25839407360039246,0.07050619289628257
112,0.04387539147595454,0.20977346314190415,0.5022225888905155,0.2154341836370708,0.028694372854555006
113,0.20486002459810881,0.05647581662076229,0.08129706369473844,0.11732025231038423,0.5400468427760062
114,0.15523896835405815,0.08537541786839808,0.22085086443629598,0.13492094682983646,0.4036138025114113
115,0.12013874481743281,0.43389819045644507,0.2882280676991483,0.1310975588523604,0.026637438174613393
116,0.030736637285249113,0.23406781924698694,0.36140089909744144,0.2690969465000753,0.10469769787024719
117,0.19314257285843917,0.09863884267025724,0.10109020638263921,0.2451889943321871,0.3619393837564773
118,0.0,0.11526863451494573,0.5278811531586908,0.2621798831965778,0.09467032912978568
119,0.07965932898675299,0.22471775922294202,0.2868967456675353,0.10544644887839927,0.3032797172443704
120,0.14327759930886874,0.0744183417168125,0.18012739582562842,0.28856747242537206,0.3136091907233183
121,0.45808190148204664,0.08787982642657988,0.08193807520005991,0.25235895555481536,0.11974124133649822
122,0.018253042353911453,0.25204079646968114,0.33039403105732834,0.2914471753142017,0.10786495480487734
123,0.3836259959260653,0.4383398420840059,0.09742640863778251,0.08060775335214632,0.0
124,0.05201439441270039,0.3765749199870667,0.2818536347488346,0.19539307347245027,0.094163977378948
125,0.20468440016286615,0.16428197755944196,0.22508503944600633,0.28895888721286733,0.11698969561881822
126,0.219208740123638,0.14603487164994566,0.04701751943723731,0.16558609542787273,0.4221527733613063
127,0.2577766862717613,0.23839176507542859,0.21231299312107477,0.22229409000221667,0.06922446552951866
128,0.09006675943029985,0.35357313484726083,0.2844408323638087,0.11942669098055148,0.15249258237807917
129,0.6152530894231829,0.2952817629648783,0.04182205451095289,0.017797924503478724,0.029845168597507188
130,0.41525278446594327,0.18087187554898954,0.1400870235304964,0.245769636822185,0.018018679632385792
131,0.5710970457844318,0.11204899789107192,0.09310622046538386,0.122646215913787,0.10110151994532546
132,0.01603043864303977,0.2521498074323175,0.49288656455893853,0.23341280735498215,0.005520382010722025
133,0.20773591115027668,0.2841328925594043,0.16443263817762843,0.26263052295447786,0.0810680351582127
134,0.017494033831869427,0.031058023801792567,0.1561023532281811,0.3398003084582163,0.4555452806799406
135,0.020633240453806212,0.03389381727245533,0.10434336777830155,0.29743317306349804,0.5436964014319389
136,0.0018074581576126292,0.11701754726646985,0.33191951821626253,0.22281253938726875,0.32644293697238624
137,0.0,0.12352146282069587,0.6181598259353775,0.190532877014146,0.06778583422978057
138,0.13053571644642536,0.16998904213745003,0.28337440796955515,0.11080506420376901,0.30529576924280044
139,0.2940192929536404,0.21665712958702488,0.24117160676971083,0.1179337071490194,0.1302182635406045
140,0.0,0.07042446048092244,0.1543667733728632,0.49629270938795833,0.27891605675825604
141,0.8839666393791956,0.08566148228895187,0.03037187833185251,0.0,0.0
142,0.12443616732577778,0.3378634820334525,0.1890480422915527,0.1375093514962593,0.2111429568529577
143,0.17151442470842626,0.11619093790383983,0.2328908241536527,0.10973622147201789,0.3696675917620633
144,0.3451463298548977,0.10903532070698763,0.350551772142324,0.14371826631736673,0.05154831097842394
145,0.050707929696747533,0.07083433639968684,0.33437337410501533,0.15738936803585823,0.38669499176269206
146,0.10024409861651173,0.20630561803566538,0.25101588433836186,0.2993617530304086,0.14307264597905245
147,0.048524222676015305,0.12172563577735773,0.19855363364313894,0.3291306468026748,0.30206586110081324
148,0.4762545109068713,0.3850372842145793,0.09121540523434579,0.04749279964420361,0.0
149,0.05042068364219676,0.06324628522083386,0.03392058831009348,0.14278696074191188,0.709625482084964
150,0.1584915002561803,0.0957751970206181,0.11741802737258555,0.3564795241842159,0.27183575116640013
151,0.2851330504909253,0.22894131788983563,0.18566268124387464,0.2136020384848194,0.08666091189054503
152,0.013450822887215552,0.26538591148784507,0.31067849720706,0.3646078253948737,0.04587694302300571
153,0.1318516122917236,0.2510542851089891,0.074518938404321,0.16141457859717767,0.38116058559778865
154,0.5126924838399849,0.12505194660897567,0.08136893407427404,0.10432667315752964,0.17655996231923576
155,0.0,0.06538781467383215,0.22840346107084175,0.2504068543895308,0.4558018698657953
156,0.03897596146565352,0.1229443560379262,0.36040799804309165,0.16729318856705655,0.3103784958862721
157,0.260913382434826,0.14412745276743677,0.19893101479517594,0.18779626816759076,0.20823188183497054
158,0.15981892965878797,0.2956889978020838,0.30343336279609034,0.13310037688563403,0.10795833285740386
159,0.314972772514731,0.335207790616718,0.16853270216576632,0.06664165774571429,0.11464507695707038
160,0.5942353940241674,0.094158471325823,0.037887644047403635,0.122828844263009,0.150889646339597
161,0.43155319847890317,0.1972002296611144,0.22526797287749534,0.09429015892091608,0.05168844006157103
162,0.6880933057867415,0.2013312113200355,0.101217437823514,0.009358045069708942,0.0
163,0.22263441015119456,0.0547001689798734,0.2003917484082418,0.41444059863722016,0.10783307382347007
164,0.05218226681094029,0.19254693709339332,0.37529963854520876,0.18498321709838628,0.19498794045207135
165,0.758365005607528,0.07065824248754504,0.08998490246491053,0.0710990332802578,0.009892816159758677
166,0.1253080723742982,0.22748642318932777,0.4252711938899264,0.15812955714298815,0.06380475340345948
167,0.14237316433876834,0.29827547128567033,0.16110154011735445,0.24495321342399967,0.1532966108342072
168,0.025212984475899147,0.07968932779206739,0.34262655298615863,0.41480063432004777,0.13767050042582707
169,0.13565989790690247,0.04779472032878951,0.19819405058047412,0.22122333028782093,0.39712800089601297
170,0.30987892990468013,0.16441576722623885,0.057623252079705756,0.1692889642980987,0.29879308649127656
171,0.227548923380684,0.3852204113821225,0.13590288334649703,0.14830114762218116,0.10302663426851533
172,0.5895481617251354,0.12033776882323999,0.11684503778057898,0.14768237186286848,0.025586659808177203
173,0.18826165556942165,0.16313024438762125,0.21579047620948244,0.18563140265865674,0.24718622117481792
174,0.01425584239167832,0.08345118828141285,0.27765120255952935,0.48900055771049733,0.13564120905688215
175,0.13749951071540756,0.2945670697790542,0.3483047295368402,0.219628689968698,0.0
176,0.09824164600327012,0.19275524532690325,0.18540267316454762,0.39724727793176984,0.12635315757350918
177,0.47889639335149137,0.09534794827004944,0.1121886687251401,0.2194713662783816,0.09409562337493749
178,0.5657924868676815,0.050380699153608655,0.06211798919979594,0.10321364746444828,0.21849517731446566
179,0.0,0.20793028108765677,0.5037266152549975,0.21266235039026848,0.07568075326707724
180,0.4034201747796682,0.15086419529003503,0.07339313280283555,0.19308074012410847,0.17924175700335276
181,0.3437395028285709,0.03799561269242313,0.08271821710938465,0.25033875202424916,0.28520791534537215
182,0.19990453846762923,0.33567337299563293,0.2138469242613098,0.06754677643392648,0.18302838784150155
183,0.14175431872456334,0.36836203942525314,0.224972519028097,0.14937336211645513,0.11553776070563138
184,0.030265056975038562,0.06951793788021166,0.16589018011175993,0.1420623372441875,0.5922644877888024
185,0.2524454314800485,0.15586996645761542,0.25755904626003856,0.19278598791619406,0.14133956788610347
186,0.061057662047330874,0.15808546442219684,0.2594021247082563,0.12280179883481213,0.39865294998740386
187,0.2708076459779487,0.3043774104759507,0.2997608450153515,0.1250540985307491,0.0
188,0.10475987765711048,0.08347011244796487,0.3381609728652839,0.15208242691592289,0.32152661011371786
189,0.19930825203283953,0.09995952396577612,0.3119307667057768,0.248888475242814,0.13991298205279357
190,0.10871776153735768,0.1323357945027066,0.3513826336954301,0.36609374144051876,0.04147006882398685
191,0.1105744035430587,0.2507199768628766,0.4050101126315724,0.15222077233528142,0.08147473462721089
192,0.052076435588312764,0.3807141918792736,0.33027009461285217,0.22435564470046898,0.012583633219092505
193,0.4126670763408852,0.04547068946731647,0.14688574976723967,0.320226287370842,0.07475019705371666
194,0.49947741583475525,0.40090426550281877,0.09403606111424623,0.005582257548179759,0.0
195,0.04834197606317514,0.2257806177827708,0.11979851712228407,0.1006662837529918,0.5054126052787782
196,0.5628878853718973,0.061858862507548906,0.151943962971416,0.1852113766062874,0.03809791254285044
197,0.11688092247802084,0.5672610728520852,0.18270969420588978,0.13314831046400422,0.0
198,0.1581405096800378,0.119806625364823,0.2852934238350464,0.3287950665836915,0.10796437453640129
199,0.12956063093365422,0.10203250855478518,0.103382692407327,0.3525038918844615,0.3125202762197721
200,0.5013940580306553,0.25768820042198903,0.17516955547141733,0.06574818607593835,0.0
201,0.3444389024554396,0.15357095967852774,0.2523560007290847,0.13555890107040613,0.1140752360665418
202,0.3075906753961115,0.20598043232023988,0.1918236695765868,0.2417343049690467,0.05287091773801511
203,0.24209783440820953,0.24538159249413982,0.11458284526394891,0.2987784982172563,0.09915922961644541
204,0.0543692547081821,0.2538464763985647,0.25418801408891367,0.1914378559057801,0.2461583988985594
205,0.10720787791753716,0.36384320421617566,0.35434552621833815,0.09798089400746735,0.07662249764048168
206,0.4945041457124053,0.08530000553990025,0.11115714412756506,0.07210289635442013,0.23693580826570926
207,0.2064835323383709,0.1893966598094592,0.13779198406469828,0.18783415270381454,0.2784936710836571
208,0.109904546040402,0.05367397510049998,0.25769785971938297,0.1797460068975384,0.39897761224217665
209,0.21663996554880638,0.13785958932836162,0.24632705174894765,0.2671121618480411,0.13206123152584326
210,0.13723068911375214,0.06799665282050016,0.32809238958325815,0.2016973718815832,0.26498289660090635
211,0.04968731907038104,0.2988790938335879,0.17486185628531525,0.15764985584466107,0.31892187496605473
212,0.4019169207166079,0.18800825516012376,0.12529937375771127,0.11039221606020178,0.1743832343053553
213,0.0,0.1701106908022133,0.4675298859002214,0.19102970421423893,0.1713297190833264
214,0.4114273488461311,0.45337834391819787,0.12584693660090096,0.009347370634770091,0.0
215,0.3058642403660097,0.21402895513382725,0.19356417542453608,0.13485944384857051,0.15168318522705648
216,0.10039111267671907,0.21457126159500461,0.1020065575757998,0.3559229079199103,0.2271081602325662
217,0.24424794055355703,0.10618151487072947,0.37387168931547576,0.1591338557468681,0.11656499951336963
218,0.17354642889552985,0.45280439015758767,0.1706017909592975,0.05150607306105459,0.1515413169265304
219,0.03339362399687629,0.13402884742592847,0.09147690937763275,0.3375464815196042,0.4035541376799583
220,0.2600448771422288,0.33127173580284963,0.3180645094068162,0.09061887764810539,0.0
221,0.2982744462155873,0.28114055641773916,0.12440049768198747,0.2290490329012551,0.06713546678343096
222,0.17219498398015365,0.15423858085979414,0.04339069294550202,0.15405181076022822,0.47612393145432197
223,0.12983213912112435,0.22796859254726742,0.14823009085186856,0.22391437475229814,0.27005480272744153
224,0.030887046607908197,0.09582672951059779,0.15542937586705496,0.4418854131268294,0.27597143488760967
225,0.07947118023439559,0.1486298893887511,0.1808241169493634,0.25291340890465364,0.3381614045228363
226,0.0,0.015433185930016968,0.31058469437940484,0.47715384754945434,0.19682827214112386
227,0.06966217891606297,0.007934955126054688,0.08354686233452813,0.3890009564663679,0.4498550471569863
228,0.0798324291051109,0.11429739396992034,0.10894001761699967,0.1673894392310996,0.5295407200768695
229,0.1374199632624521,0.1795355188255272,0.25031727923475855,0.2119666739527697,0.22076056472449246
230,0.12420931862753148,0.19484982852338373,0.4824017286877592,0.16452307662391452,0.034016047537411054
231,0.1103396420263828,0.05871120113881301,0.02978445263679219,0.21042308414937494,0.5907416200486371
232,0.31039616878765586,0.1999060862594444,0.19599967042945177,0.22428312156598107,0.06941495295746691
233,0.11984142635381212,0.44765677946029736,0.17942676496172438,0.11169071412036846,0.14138431510379768
234,0.1453088523860453,0.4775718353338174,0.3256240689439138,0.05149524333622346,0.0
235,0.0,0.05483380469385091,0.20083142168711132,0.2238389630730634,0.5204958105459744
236,0.30511094257298077,0.33959387741970026,0.12746982778777705,0.08663586523381328,0.14118948698572864
237,0.0,0.10023638649236666,0.223615452304757,0.2947296862741535,0.38141847492872283
238,0.12659613509543777,0.39519588700545094,0.15723712911591037,0.14233238325168085,0.17863846553152007
239,0.16406748560742201,0.1597651732821006,0.23211252075786803,0.3336741745499936,0.11038064580261575
240,0.03861394654001715,0.2349559936377763,0.14695334826383732,0.27007134525074505,0.30940536630762416
241,0.14649584166643315,0.24266740430704148,0.10950477726604058,0.23911205009011238,0.2622199266703724
242,0.18160600396311044,0.08462096158484111,0.10042172770106084,0.24387968452025122,0.3894716222307364
243,0.044838125224746006,0.0008722067000758171,0.0,0.1244177027234778,0.8298719653517004
244,0.0024083224848333584,0.19962953766207514,0.2756429457494961,0.2580706682170397,0.2642485258865557
245,0.15017033540471703,0.06270749390491837,0.1710017043628227,0.3094817571098212,0.30663870921772074
246,0.12078333243291073,0.40964215913004076,0.10691934545533688,0.12347307777398253,0.2391820852077291
247,0.06701711480858208,0.16218240444570942,0.24275702866786142,0.42311247105129524,0.10493098102655185
248,0.3621622980156387,0.25123516178289396,0.077647037137629,0.14064268880180386,0.16831281426203448
249,0.4409552338682675,0.15680956427667614,0.15645225246991323,0.21385697856663122,0.031925970818511895
250,0.05558933583641701,0.26049168506591913,0.21040584922909478,0.3649209716602604,0.1085921582083087
251,0.0,0.16035220571532527,0.5393729922079598,0.1994864812449525,0.10078832083176248
252,0.023453329388204325,0.16966723380947557,0.16875193474189643,0.16684962130714842,0.47127788075327526
253,0.4038057803826859,0.18520881835933733,0.18770287572150512,0.21555590510443534,0.007726620432036313
254,0.22177559609444852,0.1516472813486086,0.13046434805532037,0.27205019908406214,0.22406257541756036
255,0.4543650388874668,0.2106317332480525,0.05360933885166974,0.16427646930754125,0.11711741970526968
256,0.3458013223167914,0.08615639596352176,0.2129977117653925,0.1313525246825128,0.22369204527178155
257,0.0874064437801898,0.015513688487673427,0.06372377192626799,0.33675489165381034,0.49660120415205844
258,0.2433398324644792,0.08836690259404512,0.2696642968310894,0.1353256499091845,0.2633033182012018
259,0.06959426870584828,0.10890203245773267,0.3628165892830759,0.2621857135488961,0.19650139600444705
260,0.13803781770516177,0.3049490912744175,0.3009758093062186,0.09577580298319954,0.1602614787310026
261,0.5250072209631819,0.15976906955624381,0.0763847799627122,0.09798345133920194,0.14085547817866018
262,0.1039389447405129,0.1553400543699972,0.5922787015911521,0.14844229929833774,0.0
263,0.8013744026271554,0.13963424437706817,0.028326957240931483,0.03066439575484492,0.0
264,0.061576669969025555,0.1472230274965205,0.24296564851828684,0.26089083555453607,0.28734381846163104
265,0.18151984455016834,0.1751789727343811,0.29527322816048884,0.20337886717707687,0.14464908737788484
266,0.2614072258128831,0.09327731065709532,0.2489489381367631,0.13169442113068075,0.2646721042625777
267,0.148294783861186,0.3389144124598751,0.10581327541808472,0.17708439004665688,0.22989313821419732
268,0.05371659818977015,0.0906350116586353,0.20507791610165937,0.1616670698628513,0.4889034041870839
269,0.16884239189466665,0.10572119201027763,0.40341522965886756,0.16092964779232888,0.16109153864385928
270,0.4757103198453665,0.286149830717669,0.11780671357434835,0.11197216658458153,0.008360969278034647
271,0.4344845507848336,0.10744661110184284,0.12045157298600428,0.10096273722430937,0.2366545279030099
272,0.053818966781045474,0.3158365199728348,0.40630121997979796,0.16953866773830817,0.054504625528013606
273,0.007473683697571509,0.15963622014794054,0.2779546428875598,0.3760791225709512,0.17885633069597695
274,0.18005487543102838,0.1771837298766642,0.3618717824259139,0.12595050938336105,0.15493910288303248
275,0.14431457187560626,0.11126096026086463,0.3605867080551737,0.24799020549509565,0.1358475543132598
276,0.40380500463721614,0.20636654429054213,0.20586710811636344,0.1839613429558783,0.0
277,0.11774314869490055,0.23688724412159057,0.347442190931305,0.21067076286753317,0.0872566533846707
278,0.2287420233857541,0.17709679610111762,0.21477153804356708,0.3026953675331544,0.07669427493640679
279,0.1683722448196613,0.21987661933821845,0.07987342700861311,0.13671278704761325,0.3951649217858939
280,0.3738178093285822,0.052173632888252275,0.1223230837007192,0.17299540593985951,0.2786900681425868
281,0.17569629295441713,0.1631322685022908,0.3623489251460106,0.13511851969393862,0.16370399370334288
282,0.059875264481798585,0.3993394533461606,0.3137445417113507,0.15331954153306437,0.07372119892762574
283,0.5392882644153146,0.14407885780269114,0.15182019385619172,0.09269292047390343,0.07211976345189908
284,0.08236812954198969,0.06196239096213063,0.19968530098912263,0.5046038254872386,0.15138035301951847
285,0.12313931228146113,0.2979864501939943,0.23617166479680796,0.14551328238205086,0.19718929034568577
286,0.03956469091178538,0.03622315504637541,0.19882627377559214,0.42032423819795517,0.3050616420682919
287,0.4754797083204845,0.16497632086671565,0.12736748081360738,0.10281080623925865,0.12936568375993385
288,0.047424118203622356,0.06830172052062122,0.11842736548746613,0.5040774444067779,0.26176935138151236
289,0.2497529025630698,0.022246955982037075,0.014894469510252195,0.0765586954155627,0.6365469765290782
290,0.08885599286678858,0.20894522861849263,0.12655570573934372,0.2544584272515237,0.3211846455238514
291,0.084009017432914,0.08526764321338132,0.29044960268842923,0.43150942979345785,0.1087643068718176
292,0.06571256685056748,0.029997863092768084,0.07275603620990312,0.3641097114868088,0.4674238223599525
293,0.18057909019802776,0.15018338027502165,0.3908400719719549,0.2051537620706061,0.07324369548438958
294,0.12832099260178886,0.5103018239855546,0.23214679082429102,0.12923039258836555,0.0
295,0.0,0.018457652018541437,0.13347452453412878,0.35354571632222687,0.4945221071251029
296,0.2550751508438147,0.32171653433931535,0.14839583276431778,0.11918084549397734,0.15563163655857482
297,0.22565185078276517,0.1062828731862413,0.04821260592050114,0.19404969188979782,0.4258029782206946
298,0.13519558621934813,0.2570982691238225,0.43322471757508285,0.17448142708174652,0.0
299,0.036760436633088256,0.1305164167511964,0.289911321054824,0.1638827240735623,0.37892910148732906
300,0.11191371573355913,0.09424215044445783,0.33339409324727576,0.40603547067913714,0.05441456989557014
301,0.19293427311484213,0.11790571965108876,0.14479205443385257,0.34935991419471746,0.1950080386054991
302,0.2773621265467531,0.06187296370227935,0.22291952816601268,0.3049106864925146,0.13293469509244027
303,0.1519666167630972,0.1747116852060584,0.21743276617179896,0.12785265816323743,0.328036273695808
304,0.1569769056671858,0.3907570040615854,0.2529549906766264,0.14648972091425294,0.05282137868034942
305,0.08306088635218667,0.12049338071590598,0.2352768554896476,0.4539523475287458,0.10721652991351394
306,0.14875357651579757,0.5092127610319649,0.2294808036045155,0.10589799708351288,0.006654861764209152
307,0.0,0.17463202971610936,0.17527896334375748,0.30412976070676756,0.3459592462333656
308,0.18189629164470977,0.10208335940667768,0.38262811965603727,0.13427766420744658,0.1991145650851287
309,0.1782195594115329,0.2686410374361319,0.21537254221560154,0.28115969053693113,0.056607170399802564
310,0.10242147073093932,0.03268640364957398,0.10520530592915789,0.43771115638933433,0.3219756633009945
311,0.049198114824401507,0.44457959763826405,0.13528832852313233,0.08675330926809222,0.2841806497461099
312,0.31535489672187333,0.3911508533668693,0.27105835273760814,0.022435897173649244,0.0
313,0.03320718560292668,0.16707641282563923,0.10775251337094749,0.22782438473828992,0.4641395034621967
314,0.14890640908040909,0.13913970235355821,0.13881532478635283,0.46207333320667165,0.11106523057300821
315,0.22489783955326947,0.23137745162194256,0.2479604708190548,0.2750613044792306,0.020702933526502543
316,0.2795748091023509,0.025176887105434975,0.11147891292158951,0.40260065744589313,0.1811687334247315
317,0.2682833436467935,0.5060947569227467,0.10475671128013819,0.09624921915123252,0.024615968999089022
318,0.0,0.13783187002583996,0.3781744631929308,0.1511168974561734,0.33287676932505583
319,0.40968659028404375,0.08023465601658308,0.048950245992444685,0.1385806419129192,0.3225478657940093
320,0.3279429293567604,0.08822205612929801,0.30134615428615463,0.2399568474530298,0.042532012774757155
321,0.06947815911922273,0.22081595067457505,0.5556382244721324,0.13333777430561544,0.020729891428454383
322,0.2727086840222981,0.18564759983422974,0.21857667039028916,0.2812278264629925,0.04183921929019052
323,0.21474766865530315,0.09978029793940024,0.35073368150876316,0.3086907239303419,0.026047627966191533
324,0.19221381743308108,0.3400952270934322,0.2637352487367468,0.18306136347166968,0.020894343265070225
325,0.3290477839334748,0.09740318210111809,0.1631523755779618,0.09030981533861848,0.32008684304882684
326,0.017274602963184615,0.2739057069394488,0.20068188936886433,0.29728700017700505,0.2108508005514972
327,0.14405005520025604,0.06594484537000855,0.0671950295991337,0.1381151697730295,0.5846949000575722
328,0.18642977823248408,0.21912124579190573,0.15734315848109126,0.08971577283660215,0.3473900446579168
329,0.40595965153392566,0.05828726867850864,0.04792634032309462,0.13469104524358333,0.35313569422088775
330,0.2282891229599182,0.09506021625664218,0.10373206673746993,0.21634062416407407,0.3565779698818956
331,0.04562450460142875,0.3492214579216112,0.32439865752101693,0.18291201301985094,0.09784336693609219
332,0.11378450951998198,0.05233743818697034,0.222153827643485,0.41021241909362516,0.2015118055559375
333,0.13832481874117075,0.11158708500622405,0.32648606020354054,0.16431465250702315,0.2592873835420415
334,0.11503057091813351,0.3536048115760946,0.3003634484685994,0.14113744949950557,0.08986371953766692
335,0.3979452318007678,0.17711133021437864,0.25815702378622973,0.073048407012405,0.09373800718621883
336,0.6066970166184058,0.13582327952151907,0.09459584464931159,0.09296125470033034,0.0699226045104332
337,0.3852435897177364,0.109215494061078,0.1419149327447129,0.29078362416371306,0.07284235931275962
338,0.39463899009779857,0.06736168084140104,0.040971702000779486,0.2266049540911208,0.2704226729689001
339,0.47080555847019767,0.10650428442128923,0.12978946518444,0.2670412259350752,0.02585946598899791
340,0.023211979151583684,0.15265193156183698,0.0736380244937892,0.15465275505391474,0.5958453097388754
341,0.19318265903273224,0.4516940598037159,0.19713968210992572,0.05024801886423058,0.10773558018939555
342,0.004949332612934398,0.18546147795531032,0.13902728578489532,0.3036382622418251,0.36692364140503486
343,0.39724411733398757,0.06456814658305154,0.13298337041609642,0.14321536891088893,0.26198899675597553
344,0.0121064110839737,0.24307702839343548,0.4284348439675504,0.2724600502853144,0.043921666269726045
345,0.13872813429795905,0.16390763622400661,0.11455183938369107,0.33767164728965327,0.24514074280469
346,0.0,0.05472884792681598,0.29183151391011464,0.3290868930015669,0.3243527451615025
347,0.014270715642300646,0.15061991273562914,0.34364678065898846,0.1940940539070447,0.29736853705603705
348,0.2153518037640334,0.3815428106196327,0.1721989194493364,0.17675730334767992,0.05414916281931759
349,0.14868879534524182,0.14802205872775243,0.09318802625361411,0.29480488468534527,0.3152962349880464
350,0.012969316351661986,0.17699715408800887,0.1724560731720438,0.39150115928837215,0.2460762970999132
351,0.3270672094122413,0.10109164841095952,0.11914047799086902,0.2853878836374868,0.16731278054844334
352,0.3389360984955241,0.14041229707314284,0.08116680780774288,0.3011953094188762,0.138289487204714
353,0.028959977676166204,0.3353839009777615,0.32487773136228437,0.14771756681815906,0.16306082316562887
354,0.22795418292592795,0.055344449413764596,0.053418790903635216,0.10827834498634914,0.5550042317703231
355,0.005378771810828242,0.15923677713502515,0.6263611461263798,0.19343080652321842,0.01559249840454835
356,0.03519672306178834,0.26664202902323064,0.18820997964286312,0.14122370007403162,0.3687275681980863
357,0.013658169534689346,0.13272115007587892,0.40460897904089466,0.2672505158760329,0.1817611854725042
358,0.08791989732068706,0.07324076209417962,0.16116306107945666,0.5583927324071343,0.11928354709854239
359,0.16875558747681896,0.046293957303201294,0.11616259164723286,0.17561188926036775,0.49317597431237914
360,0.0,0.0,0.12627709203553006,0.4494502902187889,0.42427261774568104
361,0.0,0.14879363519060773,0.527415229256705,0.2813524136677461,0.04243872188494113
362,0.0024066065569852135,0.10127954320902022,0.44544355929219315,0.31196744802431753,0.1389028429174839
363,0.179080244988438,0.11858982354138115,0.1514944051556909,0.3493787015494594,0.20145682476503057
364,0.08153514428359587,0.12809814116585405,0.13679199113447704,0.35430718269840267,0.29926754071767037
365,0.1659959512919379,0.20953537937430455,0.05054889014654074,0.15225427209228903,0.4216655070949278
366,0.1106946734611376,0.4198975922000866,0.3096102564399922,0.079912850455505,0.07988462744327862
367,0.28063225650016577,0.11640932818312189,0.16620432523470774,0.2023310475272131,0.23442304255479152
368,0.2968701917713439,0.12257226099239626,0.19518276167542792,0.2455319230545263,0.13984286250630562
369,0.31883053581651477,0.17084670118606038,0.16424959160538954,0.18489218781255812,0.1611809835794772
370,0.11886098428488512,0.18568161865228816,0.28740713770704984,0.22909553488314272,0.17895472447263416
371,0.4667214556625938,0.083753803151147,0.20012597070093463,0.09176883506744649,0.15762993541787806
372,0.13577361357156303,0.5950189858022614,0.16782709058064893,0.09425006309493245,0.007130246950594166
373,0.3778236542554403,0.049487655025525434,0.16925894007039677,0.29008005134867143,0.11334969929996608
374,0.2287480040930443,0.19796859583411353,0.46357450714201076,0.10970889293083141,0.0
375,0.4350374531915572,0.33918032155555533,0.10520446402928718,0.10462223101593271,0.0159555302076676
376,0.1025261330277073,0.37602755619164474,0.2850908925548118,0.13253900345117497,0.10381641477466119
377,0.08301967324547688,0.11642974783430249,0.3331015048928069,0.14960588755769622,0.31784318646971754
378,0.11166173990392037,0.2471028978062626,0.41976604746783397,0.19235430181393864,0.02911501300804442
379,0.19471301461361212,0.1543409801080854,0.39472220208604414,0.18656476354464435,0.069659039647614
380,0.1135900443919784,0.3584198327833922,0.10235730287847888,0.2546743615148508,0.17095845843129975
381,0.0,0.023174325586095113,0.2003171442154731,0.2555294843398137,0.5209790458586181
382,0.13599334882359437,0.34716794304631937,0.1141946990416961,0.15184837346801316,0.250795635620377
383,0.2678954317221869,0.1362476885030136,0.26959462280333946,0.25517751536943667,0.07108474160202338
384,0.3042066594690248,0.13641234508588473,0.22666489635795484,0.10802406604071757,0.22469203304641805
385,0.15718612615366945,0.0717849562999956,0.15361881751788398,0.12232381661205938,0.4950862834163916
386,0.3044548950447359,0.15191073545014444,0.19303626336947033,0.24036414614880108,0.11023395998684826
387,0.13681932675113473,0.3238998942671508,0.14466572985622794,0.25194167925057664,0.14267336987490986
388,0.18068212996165312,0.47797465636085856,0.13404160170124613,0.1508857403734043,0.0564158716028379
389,0.3933163569146706,0.07466084013758134,0.24237189319036823,0.1722201130735771,0.11743079668380274
390,0.3457620440692468,0.1700713570483422,0.19545297085859636,0.1902166049825479,0.09849702304126673
391,0.3923726800546503,0.3579626733145127,0.1488506592375981,0.07687661704219606,0.02393737035104282
392,0.32858030775008606,0.08733322511558517,0.34369785265805575,0.16988957507173486,0.07049903940453817
393,0.11147844219934633,0.044285445475763296,0.1509307089443339,0.364035277748041,0.32927012563251545
394,0.22178185810838436,0.08922854066450947,0.35921443855090496,0.18861776630792904,0.14115739636827218
395,0.21546318803962206,0.1010420515164775,0.1775797306405582,0.2330897243957194,0.27282530540762284
396,0.11288831428053281,0.2827873296113864,0.21903134195595497,0.13744719771222802,0.24784581643989778
397,0.14307045331173596,0.41853144912541684,0.12327182092291755,0.12030317175298522,0.19482310488694443
398,0.06112215666845611,0.18650822364551956,0.23117731379205142,0.15245815211396074,0.3687341537800122
399,0.12701306626926856,0.07381081949399115,0.2729407853048088,0.3987980231206163,0.12743730581131518
