id,0,1,2,3,4
0,0.4309810947980973,0.2882381663004506,0.07642521718102369,0.1977123535902463,0.006643168130182064
1,0.22382901659623045,0.08314937911372389,0.14860302251282154,0.41210141993680804,0.1323171618404161
2,0.11206775429439131,0.13598507036101692,0.2104671757944172,0.08292737603197964,0.4585526235181949
3,0.1607638603155792,0.2721279583895744,0.14864837455370972,0.03497166240535732,0.3834881443357794
4,0.319782948916305,0.35072976452576754,0.11037503266452531,0.18166924153626862,0.03744301235713354
5,0.00913322004090178,0.4107920141354853,0.23387580912827666,0.1783895249015146,0.16780943179382168
6,0.6134153906666373,0.10911735159626701,0.15300910909412735,0.09032609845200867,0.03413205019095966
7,0.18013312216216126,0.27439895847138995,0.28324265404655546,0.22457105530933186,0.03765421001056146
8,0.43969336645157253,0.154108582828413,0.1478473719784612,0.17492507400967228,0.08342560473188099
9,0.20921625463606708,0.05006352494583288,0.06215968193016752,0.04205296278637527,0.6365075757015572
10,0.059368018766817965,0.29697753841662133,0.23428763681903853,0.2692413974329859,0.14012540856453626
11,0.33693058210249904,0.03699032946390102,0.362687669166908,0.1005365660599633,0.16285485320672866
12,0.07393727712735787,0.03550326038010454,0.07609887954025074,0.494646706474405,0.31981387647788184
13,0.49490262387206685,0.08948282825184861,0.25139267296435097,0.12426874442944902,0.03995313048228455
14,0.18560411873099392,0.03471908390638123,0.13172895722006817,0.38406594959221096,0.2638818905503457
15,0.10820058038415425,0.3745231751314325,0.09282025925508208,0.2724578558920868,0.15199812933724433
16,0.3803990402678431,0.33132227828062055,0.12131457277136837,0.03205034899227155,0.13491375968789643
17,0.02672318025980458,0.24732518967296435,0.37983530829884016,0.1738946230525159,0.172221698715875
18,0.08992554505232941,0.09989554699680381,0.7097024545712528,0.07904598409447972,0.021430469285134257
19,0.08594287995779015,0.1769357917785409,0.3986547313560945,0.07437819930509537,0.26408839760247904
20,0.7714952252381967,0.020960663380208966,0.004262995962006855,0.06266020353670676,0.14062091188288073
21,0.09238991716638933,0.13143314539953144,0.4382339462373429,0.09951779489817258,0.23842519629856374
22,0.34001536363854223,0.304924177465531,0.09886762073359989,0.11535976537767212,0.14083307278465473
23,0.25329518741401513,0.07855333502382611,0.037074354666559284,0.08799345638707468,0.5430836665085248
24,0.05584516024047537,0.11177233969588085,0.49350769827391994,0.24116084878583777,0.09771395300388608
25,0.028881514508394934,0.21408933570521083,0.21068690355968223,0.23587109101571113,0.3104711552110009
26,0.11631879274085066,0.07601783808123241,0.24532649840209486,0.3771879463298694,0.18514892444595266
27,0.03878321034527421,0.23570226012935258,0.2304926981996609,0.3751701365213498,0.11985169480436253
28,0.5261929102609697,0.03778463625735706,0.057615105163133506,0.09031601856491756,0.28809132975362217
29,0.14416954351697087,0.20758132557988396,0.12144279569194572,0.2877453630365804,0.23906097217461908
30,0.21280612091258277,0.13219199978787854,0.1784674788952929,0.21192343698734528,0.2646109634169005
31,0.1039972389742928,0.16385422937520633,0.04227693266193777,0.41671912086082097,0.2731524781277421
32,0.7802591075359858,0.03324963826737093,0.12368396958997585,0.05839685289771468,0.004410431708952722
33,0.47932497336487445,0.05715937855050546,0.4207569259457349,0.04275872213888521,0.0
34,0.004466492269640132,0.008530661466594425,0.15574326252502613,0.23342717070556307,0.5978324130331762
35,0.018982288081745846,0.032144697097962305,0.22574345048021938,0.27354797944389697,0.4495815848961755
36,0.1611571440177365,0.20633154569956036,0.11810226430201232,0.23211133946998663,0.2822977065107042
37,0.3934734354571927,0.2762758179690534,0.09460749966067872,0.08872599785509916,0.14691724905797598
38,0.3590838022264522,0.11313777169195793,0.2718680628913368,0.2376428636876119,0.01826749950264117
39,0.006889686869360756,0.038661499090233975,0.7181718281638277,0.11746267626821993,0.1188143096083576
40,0.02898923541934295,0.029759862811017945,0.14705954524812814,0.057655697315228016,0.7365356592062829
41,0.0728229607632469,0.491479952979996,0.08457013662500179,0.2500394202831362,0.10108752934861909
42,0.16418083248411675,0.4770464457231006,0.06418794988071463,0.1152846150394653,0.1793001568726027
43,0.3286699832987102,0.05284713735862645,0.0,0.036873484206343954,0.5816093951363194
44,0.08039451997958502,0.19273581159884268,0.3238881640454282,0.2142973178034504,0.1886841865726937
45,0.35202794651985125,0.028218604752182186,0.11130499441680197,0.10446340141062027,0.4039850529005443
46,0.0003829163198248997,0.054260429580586855,0.06469829025539564,0.31063547075653497,0.5700228930876576
47,0.24445085158720226,0.520154210038617,0.17674196904017403,0.03773668297679167,0.020916286357215097
48,0.0987170715605652,0.1411748022202155,0.07533778392241897,0.21120619765923543,0.4735641446375649
49,0.24293697993077545,0.37735203655097593,0.06270975842190585,0.06020427339177403,0.25679695170456873
50,0.4256314437220653,0.14263152301437987,0.12486426761602343,0.23509309032010406,0.07177967532742735
51,0.3770145306849637,0.022409283264524515,0.17846022330236866,0.15786286501194324,0.26425309773619987
52,0.5052952009859334,0.10589465312049151,0.03839144299600561,0.1310269712852138,0.2193917316123557
53,0.3901135442663739,0.04947336692765736,0.3640910784203458,0.09122937759444005,0.10509263279118286
54,0.024383472850366017,0.3087037208589387,0.3241006274387104,0.1326847548962502,0.2101274239557347
55,0.09841596886012483,0.5286554913603748,0.287039634421009,0.04025805229057833,0.045630853067913035
56,0.19508048157639113,0.31484568947133207,0.31218620137283315,0.14104361114840314,0.036844016431040516
57,0.09935214551389238,0.1474952610983188,0.3129334573535246,0.2105152904385036,0.22970384559576063
58,0.35270752439444697,0.03870993228877129,0.03840011701880541,0.30627506063390586,0.26390736566407047
59,0.461586637115021,0.1077542803431899,0.20573102065868387,0.03401460198926387,0.19091345989384134
60,0.3324350089286663,0.04298098630372271,0.29338579203142834,0.25273553504970725,0.07846267768647541
61,0.3258779738775912,0.11988716004893607,0.1457121806427336,0.36078413816171295,0.047738547269026155
62,0.1485700069840743,0.23732020780726215,0.12571079512987338,0.03645439098590719,0.451944599092883
63,0.28502837105798373,0.21783614408041163,0.4270217032226876,0.07011378163891702,0.0
64,0.02808775758530857,0.11902305497798171,0.15523386234842607,0.3239610428444676,0.37369428224381607
65,0.0168885639001497,0.1758833461031114,0.23932557923495434,0.15607503450660787,0.4118274762551767
66,0.02935739207098187,0.3141740322921661,0.05339378638468506,0.07686888624565025,0.5262059030065167
67,0.008144689223022583,0.04115075784627453,0.1085262790916035,0.3910941375226048,0.4510841363164946
68,0.4668378521122515,0.1387172046414843,0.2625601625416939,0.05417918735384175,0.07770559335072857
69,0.04097998256647606,0.03237928962989778,0.06399865750700151,0.35048743934346616,0.5121546309531585
70,0.03959100820712347,0.29620823430625587,0.10189064455678898,0.25849807523752555,0.30381203769230614
71,0.4061183121063373,0.041387115003073904,0.4009470888347215,0.05031426376024062,0.10123322029562665
72,0.0389857544692751,0.4000435839902282,0.14786353305232136,0.2554456716605047,0.15766145682767063
73,0.215295915067805,0.659626185228967,0.12507789970322802,0.0,0.0
74,0.06552154785709174,0.13492154231432563,0.33755914921282126,0.10008934886141929,0.3619084117543421
75,0.22079702213845687,0.3500835789566208,0.06295288060704052,0.3428398857383608,0.023326632559521054
76,0.1952516791195772,0.43939996285213545,0.06700264274215073,0.22222286024281046,0.07612285504332617
77,0.16460914499440749,0.36725293991327124,0.27764950821879353,0.13882015959837712,0.051668247275150625
78,0.023701913286220844,0.3624442925402078,0.31640586061644393,0.07457554163639257,0.22287239192073482
79,0.3462255881587022,0.19994477186860904,0.27211798184580793,0.1181791925843999,0.06353246554248093
80,0.139303647375567,0.25740634386697003,0.22305039255024106,0.3414770073451283,0.038762608862093595
81,0.30634743967714273,0.07430233506926376,0.20971536779945776,0.03978994147884851,0.36984491597528724
82,0.06662068113233766,0.5086104440896484,0.08844530666247119,0.1618745861965406,0.17444898191900216
83,0.5084652673660175,0.10917124973375925,0.07215450038446736,0.2622571485283304,0.04795183398742553
84,0.4453227202176735,0.045950249631814266,0.07677455886132267,0.09788421254498825,0.3340682587442013
85,0.34722316951902277,0.2645629345748718,0.039807881372739606,0.3175447092184701,0.030861305314895726
86,0.03592904617541903,0.3626833610798339,0.13163135670364168,0.1797384762921148,0.2900177597489906
87,0.16004462513213114,0.03650535855164605,0.13198257537266167,0.5408597380877365,0.13060770285582468
88,0.05725674748223997,0.15820848886686456,0.0463872607325998,0.15680134692625747,0.5813461559920382
89,0.05424871368603856,0.2883909159846274,0.3198782119528507,0.2946779163487966,0.042804242027686734
90,0.07321299326078057,0.23709055158511538,0.14671589025041232,0.45341390386433844,0.08956666103935329
91,0.02233830110702284,0.07113941586049666,0.07618423296254817,0.3801554138044543,0.45018263626547805
92,0.09939379265339954,0.17911099272433828,0.5447190601188981,0.17677615450336404,0.0
93,0.23910861042266462,0.18579173660954829,0.14870245193462261,0.2852143451225886,0.1411828559105759
94,0.041885546241033356,0.05691262311005585,0.03469698085332973,0.4326518037265966,0.43385304606898445
95,0.252471990834235,0.1250103544884641,0.20845990225471156,0.14214317172838487,0.2719145806942045
96,0.2585177285693325,0.01902339213708293,0.2816643888727334,0.4130221083415818,0.027772382079269353
97,0.03197679914602447,0.0944161778234971,0.6689151277444088,0.1955730105000113,0.009118884786058379
98,0.1447910279014739,0.18667691607205417,0.0513949322038576,0.20907708126285007,0.40806004255976425
99,0.07591030131607968,0.15660452055873897,0.1731979951796796,0.08349153029798784,0.5107956526475139
100,0.14931251849928906,0.124285524303134,0.36854664593261344,0.08314348704859464,0.27471182421636886
101,0.2458650021983061,0.13473107711143517,0.40245163614029567,0.05905416811772912,0.15789811643223395
102,0.303525051509712,0.2802640848485297,0.04166563691019798,0.1250896735979916,0.2494555531335687
103,0.15526860014953747,0.497848533737722,0.11283887747421051,0.08399809388104551,0.15004589475748453
104,0.27211893539814147,0.33840317145506493,0.17060185343098566,0.15268807787646632,0.06618796183934161
105,0.07086643929497971,0.13769662017929218,0.43619664172997463,0.2840199408927446,0.07122035790300885
106,0.256172609506097,0.08133341809477179,0.11511308431960887,0.49713218751678667,0.05024870056273567
107,0.40705297090721604,0.16315931215349233,0.04065233938583468,0.11435720619112533,0.2747781713623316
108,0.3219542755547907,0.3501918250395578,0.04928665615255057,0.15402962900604367,0.12453761424705723
109,0.5923569598848794,0.05839842984242749,0.01548920740051074,0.035702304133892304,0.2980530987382901
110,0.0271747682355008,0.3690860578923255,0.3951015567590219,0.07980320792843243,0.12883440918471933
111,0.11627743061556683,0.179389141284087,0.380895605456787,0.2549070711583348,0.06853075148522436
112,0.054878104337719,0.1637072067356763,0.5682738065485553,0.1736677696986877,0.03947311267936171
113,0.22476491088968542,0.040327418821216154,0.0993667560621656,0.08464724934556189,0.5508936648813709
114,0.17628575012400305,0.05653046517760174,0.2581544524147653,0.09242181197550647,0.4166075203081234
115,0.0804289689421348,0.4800269932808633,0.27879153736538087,0.11882356466448407,0.041928935747136964
116,0.033239250577881796,0.22364240853944295,0.3756603366990927,0.26653159676013294,0.1009264074234496
117,0.2054482415136646,0.09642669205156396,0.08666047901053986,0.2578429633439888,0.3536216240802428
118,0.004397936877482356,0.07545798293907813,0.6001257821195229,0.22345387032210084,0.09656442774181573
119,0.08234580893073529,0.2150182008451219,0.3230845285368752,0.05753355542036798,0.32201790626689963
120,0.16150431942427057,0.05795403683860645,0.18056773972036677,0.2998856439447748,0.3000882600719814
121,0.4615773180607855,0.07758859560134423,0.05844342514882894,0.29344695571548995,0.10894370547355137
122,0.017435895766434117,0.25258865705664113,0.3302058518077573,0.3011718360526482,0.09859775931651926
123,0.3307273437949574,0.5048384651011069,0.047596568220446,0.11683762288348976,0.0
124,0.029153267522258552,0.40908299731622966,0.2707042265549241,0.1906674562958095,0.10039205231077819
125,0.20765746941127872,0.1549973393539863,0.2178168793249886,0.3140687379347542,0.10545957397499217
126,0.2226438880557149,0.16013629933298856,0.027912085724784874,0.16500064757851984,0.42430707930799183
127,0.2475002964311216,0.24745553908643447,0.19801058241794012,0.23869131757653395,0.06834226448796987
128,0.0692186521980045,0.37633320806082504,0.2940207475302511,0.08992123955206655,0.17050615265885283
129,0.5771611050855835,0.32566798994966595,0.020933221464639606,0.018069088642029052,0.0581685948580819
130,0.40691764059282687,0.18225277835817677,0.11636511117583803,0.2828282003351221,0.011636269538036204
131,0.5659813993241422,0.09648362280071077,0.09454680524515602,0.12907441698222322,0.11391375564776784
132,0.020127311731343966,0.22373468015718734,0.5430777815291624,0.1983598089806341,0.014700417601672178
133,0.18689783286119688,0.3169332284490005,0.12432979989137927,0.29918229025028,0.07265684854814336
134,0.04882030765090806,0.013237344447526223,0.15053942901777295,0.3553255525372826,0.43207736634651017
135,0.049229337862693345,0.02688114249555118,0.09023557625967737,0.30785593632250785,0.5257980070595702
136,0.02438081312817908,0.08362209585083125,0.37331096280430487,0.1876890970341767,0.3309970311825081
137,0.011135576890544674,0.05783740545457705,0.729065811668662,0.11459817496081237,0.08736303102540388
138,0.1371229975991265,0.14863414434341815,0.3270321035134742,0.06320120432819953,0.3240095502157816
139,0.28408569897706526,0.21304389316868244,0.25967485759637865,0.09607284069734201,0.14712270956053164
140,0.011844002695482692,0.08509040460175454,0.10343548246824308,0.5694423723125238,0.23018773792199587
141,0.8754907537434536,0.04754174010672407,0.07696750614982228,0.0,0.0
142,0.10368186912500044,0.37352403500229425,0.1725496741595106,0.12905239522845657,0.22119202648473812
143,0.18622775649952494,0.08911056144664842,0.27466615756919877,0.062481053955421695,0.3875144705292062
144,0.35583878321517115,0.054460308974265126,0.4110212568395807,0.10886556337079267,0.06981408760019037
145,0.0799990689017066,0.021558545897865322,0.3989946228617002,0.0987247724082072,0.4007229899305207
146,0.10085440939404777,0.21299619536300074,0.23479291839941396,0.32334074425345116,0.12801573259008636
147,0.06382408730045197,0.11764605311767729,0.18560814798442693,0.35185007834429183,0.281071633253152
148,0.4275504582954297,0.4374446244376694,0.05427910119309709,0.0807258160738038,0.0
149,0.0719356887788335,0.0662874746478973,0.03786955011927584,0.10927698048956569,0.7146303059644277
150,0.17075522445972036,0.09863398256204137,0.07887464037069358,0.4085344661201674,0.24320168648737728
151,0.27240380848538104,0.23881128815709207,0.17265077874515966,0.2288041397001439,0.08732998491222332
152,0.006936215038022109,0.27882888898673663,0.2884772672352396,0.4010957180829513,0.024661910657050368
153,0.12085921333974381,0.28790487825425237,0.04462890010389642,0.16306487906978995,0.38354212923231745
154,0.5089590048617736,0.1144870327921661,0.08364488942689419,0.10156000452836822,0.1913490683907979
155,0.016448937655352824,0.053509261335372815,0.25024053869203633,0.23080719705146668,0.44899406526577135
156,0.061841268135500393,0.0816921242642138,0.41487938750367914,0.12023741908490893,0.32134980101169774
157,0.26786469985198835,0.12807297107078885,0.21254065386784182,0.1791095941665236,0.21241208104285736
158,0.14841378692429874,0.29847588770393296,0.3230081642017848,0.1054333361721772,0.1246688249978063
159,0.28433576775499525,0.3658874053894118,0.16190666110028418,0.05017158764773477,0.13769857810757402
160,0.5929676619384622,0.0796813971326934,0.03147888851193481,0.1330014023811943,0.16287065003571533
161,0.4239381206921371,0.17789859588464862,0.2506239840633109,0.07500784596210963,0.07253145339779377
162,0.6635609333481232,0.19655598935138163,0.10893778725220427,0.025998930109844887,0.004946359938446054
163,0.2422858832180883,0.03202272894311231,0.1762344963111766,0.4736228163262668,0.07583407520135599
164,0.06131187362887036,0.16785816604826742,0.41655868565803356,0.14953232235618008,0.20473895230864858
165,0.7570563320910799,0.0316654133377795,0.1118621975744184,0.0672157513374565,0.03220030565926568
166,0.12855557238868986,0.19568755994424025,0.4784985857812777,0.11619676445540861,0.08106151743038359
167,0.12317594753741501,0.33598413757333256,0.12131918742060521,0.27122473443368156,0.14829599303496566
168,0.052122883968745426,0.04563465493940777,0.347794759937349,0.4480960060709295,0.10635169508356834
169,0.162512192187111,0.01668853796682246,0.2191612921783136,0.20824744347348356,0.3933905341942694
170,0.30376021319699564,0.18016657845282635,0.036206115831150854,0.17804373702114118,0.30182335549788597
171,0.19137985371810484,0.4385315936844123,0.09692471381809153,0.1603670672418328,0.11279677153755852
172,0.5847872979869395,0.10169016865024028,0.11647589849410189,0.16059965302011459,0.03644698184860373
173,0.19306781613804602,0.15323324761255697,0.226609358253425,0.17391916814067343,0.2531704098552986
174,0.03790437345809694,0.06479933502715896,0.25464580540646287,0.5493371399559622,0.09331334615231901
175,0.12486225963808006,0.29963882426596744,0.3522452304695778,0.22244321591573835,0.0008104697106363634
176,0.0984516648255025,0.210187193877736,0.13720112342921353,0.4591664757543199,0.09499354211322808
177,0.4769002395587637,0.08313237572283827,0.1030321634791237,0.24521452419915224,0.09172069704012209
178,0.5726110162687978,0.021773310261540613,0.0752218273580526,0.0984546415615567,0.23193920455005224
179,0.00984481878824417,0.1689272719017526,0.5694665349523951,0.1651377958529605,0.08662357850464764
180,0.39759371988879,0.1559264852208344,0.054280826556131645,0.21252197522688598,0.17967699310735796
181,0.35771282247344305,0.021146076709008477,0.07244488295378171,0.27349702911323226,0.2751991887505345
182,0.1795130348969569,0.35452705105377436,0.22396292448415167,0.032564339044101276,0.20943265052101578
183,0.11158231912821137,0.40766711221293594,0.20920048958693616,0.14449692875073505,0.12705315032118147
184,0.05625666238366389,0.05091687591572103,0.1956670066919941,0.09790587353637603,0.599253581472245
185,0.2586258754581775,0.13451042365157995,0.2747057434179413,0.18526994024496546,0.1468880172273358
186,0.07452638043248716,0.1391257878746247,0.2994614360853146,0.07332967754327524,0.4135567180642983
187,0.24984543950660243,0.30913955369151824,0.3129076286324731,0.1281073781694062,0.0
188,0.13115496969680496,0.03411971709836448,0.3992540959644061,0.0996099284142209,0.3358612888262036
189,0.21712627968410725,0.05917160623060491,0.34302109889002386,0.24220530804855,0.13847570714671398
190,0.12325319175371752,0.10307104398434186,0.3621301159279785,0.3899204752055052,0.02162517312845691
191,0.11100409036944758,0.22828747552293427,0.44976360945845806,0.11175448863463822,0.09919033601452187
192,0.026827808645446316,0.41008726852618926,0.3218639909431632,0.2249632977226429,0.01625763416255832
193,0.4241037119059864,0.02017774890237234,0.13244184835032435,0.36804315550496847,0.05523353533634845
194,0.4489515988512277,0.45226031104098485,0.06664382599162066,0.012345603352134527,0.01979866076403225
195,0.043846843017776416,0.24985886919919698,0.1228131963156105,0.06127327177270925,0.5222078196947069
196,0.5698399229726974,0.023767505812991585,0.16249845055530887,0.201830008475829,0.042064112183173186
197,0.049879653765152354,0.6643705191726906,0.12486073021721666,0.16088909684494035,0.0
198,0.17291062627390097,0.09395528659996388,0.29362258409442743,0.3467776291369593,0.09273387389474841
199,0.14117928338903563,0.10951609180122834,0.06743571435077134,0.3979603509848909,0.2839085594740738
200,0.4775619954815491,0.26058368761657125,0.17877499348132797,0.0813986013365332,0.0016807220840184822
201,0.3485336777880631,0.12348014953173259,0.28317465587731816,0.115657560644718,0.12915395615816816
202,0.30143978131762295,0.20713929790264773,0.17665479649962168,0.2672824246883654,0.04748369959174226
203,0.22671882607111649,0.27648832111689836,0.063852481637239,0.3495059237579945,0.08343444741675166
204,0.047869992128250716,0.2652344787205063,0.26208640219768264,0.17360284538862447,0.25120628156493585
205,0.08603943284489368,0.3763429388356605,0.37888448513289297,0.05875097562320053,0.09998216756335232
206,0.4972960517277637,0.059479850739354134,0.13641790860742198,0.048140641629569325,0.25866554729589086
207,0.2038605461673576,0.19924273377165724,0.12763214615811203,0.18818013569948966,0.28108443820338347
208,0.13714059652387378,0.013712210367012534,0.3016380388667623,0.14367993239436672,0.40382922184798464
209,0.2251344504220324,0.11830101330135645,0.25241054735006985,0.28033627651481097,0.12381771241173034
210,0.16337020905267696,0.018206043363389268,0.3801705142108247,0.16675968626285664,0.2714935471102524
211,0.03539449820398666,0.3328285051437755,0.16102128154476347,0.14250360083395597,0.3282521142735184
212,0.395565243116891,0.18626263683236322,0.1265077392519054,0.10224666321423581,0.18941771758460457
213,0.0100344521911927,0.13153235913775096,0.5367529320964817,0.13580373311663607,0.1858765234579386
214,0.3538960588976279,0.515773780358405,0.09758608213971276,0.013606997500245965,0.019137081104008358
215,0.2976948703953243,0.2132583959343889,0.20309994637283713,0.12008193189822469,0.16586485539922502
216,0.09581033602270161,0.24741671908190732,0.04133429818245138,0.41698909407687046,0.19844955263606923
217,0.2643298430506512,0.04657561191291082,0.4395196643376137,0.11661805913378753,0.13295682156503674
218,0.12897044282386627,0.510701137838206,0.15430822106418218,0.028731879451211362,0.17728831882253415
219,0.04242290406030913,0.1557754044525982,0.04946229932193258,0.37435248825874423,0.37798690390641587
220,0.23601368753910956,0.336156726903574,0.34113402289658534,0.07293458288472299,0.013760979776008098
221,0.27412287216347064,0.3151337628179808,0.0825455943393143,0.2641128937434838,0.06408487693575049
222,0.17607203813550065,0.1701867050894631,0.027429679643235727,0.14820970879679174,0.4781018683350088
223,0.12416361479968918,0.2481735821885055,0.12696345832501943,0.23458028558819566,0.26611905909859024
224,0.04908914457361602,0.09930182270943966,0.1110929455648394,0.503381602681278,0.23713448447082697
225,0.09057207177618709,0.14690396744023815,0.1741668548338069,0.2590045160166208,0.3293525899331471
226,0.0,0.017295273371448983,0.30371762080673426,0.5208511257363024,0.15813598008551433
227,0.09880855590578697,0.0010525417385092162,0.05143369288795174,0.4350253637909789,0.4136798456767732
228,0.09173489896799181,0.1189079078537929,0.1119102337853849,0.1444149577865118,0.5330320016063186
229,0.1414684274618624,0.17214612840550658,0.26277304456295236,0.19896063385924323,0.22465176571043544
230,0.13545727980766198,0.14135996609914603,0.5568415993999061,0.11462340546413852,0.0517177492291474
231,0.1287708220388476,0.0647190530444417,0.014053849018477726,0.20893834998505567,0.5835179259131773
232,0.30069188527843727,0.20355789974790328,0.18732885848664038,0.24041340325843708,0.068007953228582
233,0.07768790665662917,0.5108805415299036,0.14932039301851519,0.10630599262476959,0.15580516617018247
234,0.10218617665451624,0.5183972905761226,0.3264904686774027,0.052926064091958436,0.0
235,0.022226706723850076,0.040637930833668956,0.22273925476831802,0.19494509360927637,0.5194510140648866
236,0.2746556387175988,0.3782417683596444,0.10635925502663024,0.08067232024462301,0.16007101765150356
237,0.0,0.11328366400127954,0.22053262613953706,0.2966610209459506,0.3695226889132328
238,0.09488667961117159,0.44808058328603284,0.12735020923216323,0.14146666679182818,0.18821586107880417
239,0.17015668921502525,0.15473770749413895,0.2134279402731376,0.36876727926726427,0.09291038375043392
240,0.03330780641756981,0.26426449779206573,0.11476861780622238,0.2906635893524886,0.2969954886316535
241,0.13280811236276724,0.27988911736556166,0.07030766993978466,0.2640214466980786,0.25297365363380786
242,0.19398019095529173,0.08293933169699486,0.08718102518314652,0.25492471552487606,0.38097473663969084
243,0.07677561647744718,0.0,0.0,0.09080967454304462,0.8324147089795082
244,0.007374212434485217,0.20034547790011303,0.2812678654228846,0.25273109322310117,0.25828135101941596
245,0.1715606641449381,0.04478097025194416,0.16556188139898131,0.3270140898696191,0.2910823943345173
246,0.0848131760142139,0.4769845070510321,0.06352324815019506,0.12638658509045064,0.24829248369410828
247,0.07508107810742704,0.16287293696264182,0.2120374126628578,0.48083693978028896,0.06917163248678437
248,0.34258703819325553,0.2775064400956512,0.05071669155111935,0.15296889970896255,0.1762209304510114
249,0.43674715624479055,0.14554443731094102,0.14895404183956784,0.23593404818773045,0.03282031641697014
250,0.04428318039159118,0.2923257817478413,0.16447436810527327,0.41602848964232586,0.08288818011296839
251,0.017955515860269444,0.10418195586653467,0.6209462467983692,0.14105975333249154,0.11585652814233516
252,0.03263008436584125,0.1747082091277139,0.17696729909287223,0.13786622467939025,0.47782818273418237
253,0.3975580991577409,0.17654130271948287,0.18134863080977504,0.2352935481484626,0.009258419164538623
254,0.22218447380344708,0.15915218624032734,0.10439781073277066,0.3026934722768281,0.21157205694662684
255,0.4334302562710389,0.23216177863414134,0.024245943964257943,0.18737062802833637,0.12279139310222542
256,0.3576173845636985,0.0520914057387909,0.24747559020901533,0.1040161331177496,0.23879948637074566
257,0.11472964501906979,0.010671617296590052,0.03604936658968505,0.36821763010674846,0.47033174098790664
258,0.26118948727481583,0.045982120983975694,0.3195527747893455,0.09232809350838789,0.28094752344347507
259,0.09147793856643649,0.06920114542857114,0.40301530390342477,0.2410581070896065,0.1952475050119611
260,0.12516944433325583,0.3094755498165256,0.3261410109390842,0.055753135562507716,0.18346085934862666
261,0.5150258151809939,0.15851200455883696,0.07006699144054918,0.099708477946295,0.15668671087332497
262,0.12708458625557917,0.0727813650484409,0.6987093985858953,0.10142465011008461,0.0
263,0.7789114369274844,0.13328912739495136,0.023622422153749545,0.057927836128271126,0.006249177395543537
264,0.07455496821434293,0.13800953817723038,0.24499819433737213,0.26266421816753993,0.2797730811035146
265,0.18721884990793458,0.15300370423289045,0.32188691640215117,0.18929786867764176,0.14859266077938205
266,0.2771793026795042,0.053753603470429234,0.29340863583877697,0.09459805800021948,0.28106040001107013
267,0.12051531946386729,0.39575356810217643,0.05997398606547799,0.18930284240222062,0.23445428396625767
268,0.0756951926328604,0.07145475307812155,0.23337009692165234,0.12305290078603603,0.4964270565813297
269,0.19097294534572773,0.04726262921188962,0.47521531830090347,0.10728613700715917,0.17926297013432002
270,0.44741960764148325,0.3083168941427178,0.09804934492013817,0.12322764234718242,0.022986510948478367
271,0.43915208580627496,0.08667112387498688,0.13822993045860987,0.08456949944516268,0.2513773604149656
272,0.04477005482792262,0.3123822780034454,0.4349663047168234,0.1386371710546589,0.06924419139714966
273,0.020411345495670252,0.1527680774262581,0.26548999200647383,0.4065241564853822,0.15480642858621563
274,0.18931042990663227,0.13658876343229176,0.4195411774175296,0.07844329423198115,0.1761163350115652
275,0.16294518241378086,0.06842778788696002,0.4004792318126237,0.23267416989938394,0.1354736279872515
276,0.3937636004049879,0.1995339342207666,0.20458481969594933,0.1990916992422228,0.0030259464360733457
277,0.11837692310543624,0.2220534773479952,0.37290313586736845,0.1933153904410988,0.09335107323810132
278,0.22985867490663547,0.17291858197529386,0.19728946006373416,0.3364719882633793,0.06346129479095719
279,0.16112693985343995,0.2459011591968776,0.06261680436341777,0.1286528341618307,0.40170226242443396
280,0.38523014180561754,0.02894244309888172,0.13479267911218806,0.16654539227442755,0.2844893437088851
281,0.18448547991667752,0.1265313919400688,0.42057669517379515,0.08567882970060159,0.18272760326885695
282,0.03208820174031579,0.4306124727400392,0.3135802872900342,0.13628959568042376,0.08742944254918705
283,0.5323370302434327,0.12366247296323096,0.17086205163608648,0.08201055170920701,0.09112789344804284
284,0.10645887787819064,0.04887228131881549,0.15704851210095927,0.5844928851673507,0.10312744353468395
285,0.10852816659298259,0.3170120324392386,0.23737480183451276,0.12897443327719527,0.2081105658560708
286,0.0685236946272022,0.01749403972871877,0.17772914522391003,0.464771067969327,0.271482052450842
287,0.46732369540804963,0.15515696870828422,0.1364910853260567,0.09542432959377811,0.14560392096383135
288,0.06713913520876902,0.07701360417135328,0.0553605211879199,0.5927884402259326,0.20769829920602523
289,0.26791067895087173,0.011665125583568803,0.031996570281433434,0.035187297028241526,0.6532403281558845
290,0.0865620023928918,0.2345551883853415,0.09283910078513191,0.27634248680910156,0.3097012216275332
291,0.10644959648472807,0.058830103406573464,0.2778844423797703,0.48137644257722223,0.07545941515170596
292,0.09092020738398454,0.02980461015408664,0.03775237555579114,0.40436270794182516,0.4371600989643125
293,0.19500864365234982,0.10506563519816847,0.4408744490282258,0.17620359809929287,0.08284767402196302
294,0.07424271751849554,0.579273175114261,0.19905385796533992,0.14023952579525845,0.0071907236066450775
295,0.0,0.04120888987483018,0.1143114782799377,0.37704313659607946,0.46743649524915265
296,0.22747740426717789,0.35622101468872547,0.13094856818354406,0.11601024606868204,0.16934276679187055
297,0.2322726625679502,0.11326713818075418,0.032052593994441825,0.19865122709020644,0.42375637816664735
298,0.13280279443220555,0.22997229066014768,0.48057940548107037,0.14154894204055313,0.015096567386023274
299,0.05465015168929688,0.10528444279624971,0.331782077885615,0.11921759538168875,0.3890657322471497
300,0.13271600019075058,0.05933700232190764,0.3370447478279883,0.4415817808017083,0.029320468857645166
301,0.20175724685742802,0.11716329639567724,0.11361541785398876,0.3979120870447028,0.16955195184820315
302,0.2960763673307921,0.02763993103051854,0.2303011461613993,0.32602474122865754,0.1199578142486325
303,0.158895219098094,0.16222870939653788,0.24515298034858102,0.08831977172511074,0.34540331943167635
304,0.12364594033680965,0.4301456996668679,0.24052889884210682,0.13989383403640898,0.06578562711780667
305,0.09675561831069157,0.11589399966752012,0.19880698424383136,0.5188223795595754,0.0697210182183815
306,0.0967559205032964,0.5775776340235557,0.1993206494295635,0.10255341916790806,0.02379237687567637
307,0.003081363179059826,0.19137396555101827,0.1541409810511759,0.3222779076904029,0.3291257825283431
308,0.20272658641082164,0.0464480188108044,0.455570790432008,0.07680108794733276,0.2184535163990332
309,0.16244480778431158,0.29153335349392917,0.18477007494364928,0.31561246071162763,0.04563930306648234
310,0.12608162415063295,0.029469550805651612,0.057904968284701264,0.5052098586885831,0.281333998070431
311,0.00865295169211533,0.5208724103157626,0.09894331727568084,0.06999630181527894,0.3015350189011623
312,0.27652270819728675,0.41632155492966294,0.280160903991415,0.02699483288163529,0.0
313,0.03731989886057352,0.18911066908599583,0.08713348662450215,0.22719541386001674,0.45924053156891176
314,0.15453878397603482,0.15337581091373376,0.07458599367102992,0.5491556237342579,0.06834378770494365
315,0.21935518145263955,0.2318940644366314,0.2362591205691953,0.2991101915009089,0.013381442040624858
316,0.29834546064398704,0.01032557894097319,0.07341889754239228,0.46978049767633157,0.14812956519631593
317,0.2093258377885554,0.5892086676494601,0.048806398891429126,0.11140582048390146,0.04125327518665389
318,0.018912907280324243,0.1011845764394349,0.4422077840875779,0.08855350007023699,0.349141232122426
319,0.4165905190476036,0.07078053029426112,0.04662234528171627,0.13589943107662716,0.33010717429979186
320,0.3454158239854852,0.03820194275820621,0.3356099131914797,0.23673433835572244,0.044037981709106444
321,0.0804309222127888,0.16587337173321648,0.6411525544825883,0.0670278758525813,0.04551527571882508
322,0.2706915413111548,0.1820797313562399,0.2021924161154932,0.31273686811885815,0.032299443098253944
323,0.2342453822565389,0.05294597740152551,0.37869667965770926,0.318583562868199,0.015528397816027328
324,0.16763688640641417,0.3621616524020028,0.2556390635010891,0.18581746151493128,0.02874493617556262
325,0.3383374952189644,0.07106814444124843,0.19657282336097837,0.052170037259788415,0.3418514997190204
326,0.009504316028312476,0.30332998169638026,0.16595797502471077,0.3240789299394826,0.19712879731111388
327,0.16275806601957898,0.061672040735955225,0.0748766915815412,0.11064536080171528,0.5900478408612093
328,0.1786236339271653,0.23149309778171012,0.16664585679785393,0.057742363762816384,0.36549504773045427
329,0.4153017205150158,0.04562311609287406,0.04857196602585734,0.12868389139383685,0.36181930597241596
330,0.23782259810791218,0.0917088440637267,0.09557582630078587,0.22309455744868067,0.3517981740788946
331,0.026574649531237116,0.36817689820660515,0.33080732706910443,0.16652973754719158,0.10791138764586172
332,0.1383845784152098,0.02946321693862808,0.2038067282663788,0.460705319921641,0.16764015645814234
333,0.15842848281706445,0.07071162554299881,0.37848673947213884,0.12105575362926346,0.2713173985385344
334,0.09173182420580384,0.3766512438749148,0.30557996806479204,0.12146744024109424,0.10456952361339511
335,0.3955794522153142,0.14939794797606032,0.2986496463815632,0.037046747061994734,0.11932620636506752
336,0.5959861700307467,0.12287558104572338,0.09831500375494073,0.09398413875749112,0.08883910641109805
337,0.3880068590192446,0.09927849160392199,0.12156109693996398,0.33138240837482824,0.059771144062041204
338,0.40095830960334866,0.06217759869540884,0.019815451549866192,0.25272451959968145,0.26432412055169485
339,0.46997412375117287,0.09384362062108431,0.11101700324151287,0.3074853751242831,0.017679877261946864
340,0.031757410185616286,0.17175275854371863,0.06680259451031967,0.13002459748411488,0.5996626392762305
341,0.14381762703121204,0.5131422753103348,0.18094414829574457,0.028236525008737745,0.1338594243539708
342,0.008591109151779075,0.20845278765464115,0.10592830686888144,0.3266737737084301,0.35035402261626825
343,0.4076609140694175,0.03872444871227043,0.153602839695119,0.1258395568204428,0.27417224070275026
344,0.0151324106415206,0.2252822673119853,0.4549734761043138,0.26186444486965454,0.042747401072525726
345,0.14095041076995563,0.1829084993002753,0.06871172300440931,0.3864515513751271,0.22097781555023266
346,0.010356825203189701,0.043098124085626965,0.30737656118309187,0.3308824785984179,0.30828601092967356
347,0.03117296291723881,0.1219122336107582,0.3885631542031772,0.15176588197825802,0.30658576729056775
348,0.18256606589251123,0.427482555951076,0.1368173197994409,0.19357164096395285,0.05956241739301904
349,0.1530961601153189,0.16387495549685105,0.05658222446276495,0.3297529744408366,0.2966936854842285
350,0.01876856493305512,0.19653444405874498,0.12688568091067776,0.4429676505353791,0.21484365956214302
351,0.331973202171403,0.09426103248626183,0.09866349801687857,0.3201381537244119,0.15496411360104467
352,0.3357148100547246,0.15159791641372267,0.03712667051504959,0.35477844164955274,0.12078216136695041
353,0.014390109840957788,0.34786021120697597,0.3452127280029649,0.11340474317005278,0.1791322077790486
354,0.2437662286843305,0.0459287388869114,0.06523183056083581,0.0804131210856801,0.5646600807822422
355,0.03256081373370767,0.0768300430181178,0.7340622313262537,0.12225742763227732,0.03428948428964351
356,0.03009742158283124,0.2877745608390627,0.18911945152580678,0.11520580250576407,0.3778027635465352
357,0.036099626224933234,0.08996328285017441,0.4480621456407009,0.24629687254931087,0.17957807273488058
358,0.10639788534832928,0.07472255366529901,0.09923983460559438,0.6566713928715546,0.06296833350922271
359,0.19235591861480505,0.02553971218508788,0.12917720330871074,0.1578405037963827,0.4950866620950136
360,0.00494609015024261,0.006851177375117978,0.10633478484830527,0.4999663963941062,0.3819015512322279
361,0.004536666460858818,0.11024737185946198,0.5918160644861375,0.25030544848491953,0.04309444870862211
362,0.03124620664871469,0.04742432041707312,0.49382636030852145,0.29689428789480676,0.13060882473088398
363,0.1891062642807526,0.1183986261087775,0.12012461568452792,0.3943502920851846,0.1780202018407574
364,0.09236196838653288,0.1368077215281268,0.10111730426929866,0.39385276351156673,0.2758602423044749
365,0.15875342230208178,0.23979270155814092,0.025908581819253595,0.14840912863022737,0.42713616569029633
366,0.08019548303204671,0.4486055348480297,0.32083210188514,0.044579245858269,0.10578763437651462
367,0.2882231518062568,0.10206834018147193,0.17079468471228554,0.20312313110874392,0.23579069219124182
368,0.30492936670506765,0.10358924285186744,0.19719954164441822,0.26078922662703585,0.13349262217161084
369,0.31621038809672364,0.16662728443021912,0.16126142723727144,0.190444294500263,0.1654566057355228
370,0.1250431328003716,0.17256691926845025,0.30196232954421853,0.22025481672834168,0.18017280165861793
371,0.4751938412798641,0.043089490189327395,0.23995829366430255,0.06362184816360905,0.17813652670289692
372,0.06766805240854978,0.6935051857041123,0.11156321205817599,0.10213555293484089,0.025127996894320992
373,0.39398431074473605,0.018754850742674467,0.16370376121164187,0.32335847351376035,0.10019860378718726
374,0.23578413045238544,0.14466879531353172,0.5373265568715339,0.07219372520707634,0.010026792155472641
375,0.39635758633649354,0.3804371310995417,0.07347813668660208,0.11814707294145077,0.03158007293591192
376,0.07595708623668285,0.40560596188118325,0.28770722602092214,0.11050826674189662,0.12022145911931514
377,0.10535024937016668,0.07419667411231778,0.39054185931767826,0.097884267738227,0.33202694946161027
378,0.10792426409229139,0.2259967715476936,0.4630719523300534,0.16179167875325418,0.041215333276707455
379,0.20646965727047084,0.1112198244801772,0.4478301237153687,0.15221268263841936,0.08226771189556392
380,0.08353330824060234,0.42110428577054504,0.0406607240413801,0.29485044657879766,0.15985123536867485
381,0.0,0.03368297949262733,0.2152709072219372,0.23766579136183263,0.5133803219236028
382,0.10930823234088971,0.398157611847371,0.07959368170396774,0.1543688384418629,0.2585716356659087
383,0.2762914623167765,0.11149938688395278,0.27834695432708323,0.26651170542138414,0.06735049105080337
384,0.31036207443847186,0.11018205987239549,0.26048830794269184,0.07719149662959734,0.24177606111684347
385,0.17654296431020344,0.05186022038970273,0.1832225334212687,0.08008920941858111,0.508285072460244
386,0.30645058306590234,0.13962989526787628,0.1890624318790436,0.2583994457712202,0.10645764401595759
387,0.11107423390288984,0.37334052914725235,0.09553386727605062,0.28501623158747,0.13503513808633716
388,0.12992887289872534,0.5549120803562768,0.08014471240900245,0.17072576221639302,0.06428857211960237
389,0.40844281833295726,0.028984671454407973,0.2765630604437215,0.15895963369103083,0.12704981607788246
390,0.34411731991012184,0.1585011351845843,0.19981709320475105,0.19491076982929045,0.10265368187125234
391,0.35449553144496704,0.3954384508416481,0.1314264709775954,0.07237079040971173,0.04626875632607774
392,0.3455877970651976,0.03144929528781604,0.39757053454645075,0.14142505170418251,0.0839673213963531
