id,0,1,2,3,4
0,0.4759431297968605,0.2398369074739638,0.12349238099347937,0.15937826890254503,0.0013493128331513171
1,0.2107262743137002,0.09678399036783555,0.15480643820757073,0.3946328107214678,0.14305048638942575
2,0.10504520216032315,0.13326437499172486,0.18405755600104104,0.12181743670938705,0.4558154301375239
3,0.16892407651204197,0.2530244405349098,0.14051822549701054,0.07236792750884358,0.3651653299471941
4,0.36280854520136646,0.30740782806715666,0.1425214246003983,0.16067632252107333,0.026585879610005247
5,0.0038785542180413764,0.3935055091219159,0.25604810403118256,0.18156145866586904,0.16500637396299112
6,0.6162475434111055,0.13109742598072327,0.13969826211257974,0.08375801785644377,0.029198750639147675
7,0.19036664757127283,0.27371680832450196,0.29995347650714066,0.2075163974459071,0.02844667015117741
8,0.4437697050405209,0.15903759527794054,0.15850710420076286,0.16327069772631875,0.07541489775445698
9,0.19062334716242518,0.0683014192527936,0.05491551351514207,0.057153890735651525,0.6290058293339876
10,0.06072153655776548,0.2750807123966081,0.259403088644848,0.26412968346540355,0.14066497893537488
11,0.31202519888947794,0.09910672016642691,0.3093871046951765,0.12896687643869842,0.15051409981022024
12,0.06265452219857795,0.04432267009303381,0.06300479403391679,0.3783715631925878,0.4516464504818837
13,0.48535135173423605,0.13514195710684118,0.23484654698254537,0.11243172077170904,0.03222842340466836
14,0.16707849519342627,0.05704896116787561,0.11848707070998427,0.3340202708022151,0.3233652021264988
15,0.12188083988369708,0.33327383919053544,0.14134500480835394,0.24639317560037632,0.15710714051703722
16,0.4279688413661058,0.29407924068920266,0.0979200145155491,0.05992870528604821,0.12010319814309423
17,0.023329532135822926,0.23454636399341336,0.3759257895127331,0.19694175270322045,0.16925656165481018
18,0.07710894993647158,0.12989627434538095,0.7073778327558344,0.062472288579524804,0.023144654382788232
19,0.08287713273679685,0.1797483616111779,0.3584489634876127,0.12810634716132419,0.25081919500308836
20,0.751922400832123,0.02235181252724494,0.021914627451346758,0.07738403629968738,0.1264271228895979
21,0.08425088888934916,0.14174265430324462,0.39348534901136045,0.15287024141807048,0.22765086637797527
22,0.3727659464659609,0.27033009192597696,0.10786028837706729,0.11853664257050744,0.1305070306604874
23,0.23736682248348226,0.08719298952886087,0.04697612657994937,0.07811060028282418,0.5503534611248833
24,0.0478491812537994,0.11419001626126059,0.4823589804685313,0.26403762306426304,0.09156419895214563
25,0.025404044115509835,0.186136325195981,0.22083968845293733,0.22743236800213146,0.34018757423344037
26,0.10184998444038677,0.08916050975064553,0.22110108705297124,0.37444773841712814,0.21344068033886832
27,0.036966444475491064,0.21237717900384834,0.250341918995347,0.37615603641091744,0.12415842111439612
28,0.5054783768832809,0.05744646567007339,0.057516199146486424,0.10076762087491631,0.278791337425243
29,0.14226902391453625,0.18996475491690099,0.14618604927581524,0.25683745306054695,0.2647427188322006
30,0.20392719664504608,0.14088435595134177,0.17035108560299705,0.20577239318864116,0.27906496861197394
31,0.09945537369782363,0.14326931448212182,0.08065520205520277,0.32841277239823785,0.3482073373666139
32,0.7656574023149791,0.07306788480819992,0.10410373085262803,0.04911838801699253,0.008052594007200375
33,0.4585780290572657,0.15082186012027948,0.3561337346420682,0.028739595573430865,0.00572678060695575
34,0.00399190102725218,0.0114714020091062,0.08119265625562527,0.20367590941934086,0.6996681312886754
35,0.01447567399077506,0.030341309863564953,0.16032960523140558,0.2684220269353146,0.5264313839789398
36,0.16248805598765198,0.18806362814790484,0.1373624112984183,0.2065774268308268,0.30550847773519807
37,0.4268938708384996,0.2416011125202524,0.09768485284408568,0.10012341637590494,0.13369674742125737
38,0.3520388585608317,0.1452434693576234,0.28106566555170237,0.21468812976581186,0.006963876764030652
39,0.007011236019579951,0.019718012574755042,0.7074059301819207,0.15877212257834195,0.10709269864540238
40,0.023295682552290774,0.03072247010068256,0.10024800838527265,0.09899323229684426,0.7467406066649098
41,0.0872763230507637,0.448346297589298,0.1432555277352332,0.22752564917861662,0.09359620244608846
42,0.20122115150733086,0.4193832188760295,0.09171157014487263,0.1187724355483254,0.1689116239234416
43,0.3113545223871612,0.06469245097657828,0.012511329123407189,0.040915638124358944,0.5705260593884944
44,0.07595795449114948,0.1876147578942188,0.311967086612998,0.2321713435189653,0.19228885748266844
45,0.329663472251962,0.05766155698606945,0.0928677226144593,0.11403140743673834,0.4057758407107709
46,0.002363609824012934,0.034281981713251426,0.06300449484004868,0.18547397826002648,0.7148759353626605
47,0.3119000869874246,0.48829988537175023,0.13574518488657905,0.04373222885649619,0.02032261389774992
48,0.09043833549139701,0.12845314670409505,0.09253364756122437,0.16405580832354472,0.5245190619197388
49,0.27900350663925577,0.32447729365689293,0.07439722226433843,0.07903516960532209,0.2430868078341908
50,0.4280403449430268,0.14464563985703538,0.14965841583325434,0.2178562671376446,0.05979933222903888
51,0.3520029423094639,0.0650020636804256,0.15324075068782844,0.1634552248890646,0.26629901843321746
52,0.5018138948498774,0.09988620414134874,0.056856818199601755,0.12565156825381185,0.21579151455536028
53,0.36986081451847674,0.11267892810289087,0.3155753213013743,0.10799715112385944,0.09388778495339867
54,0.021627167720631044,0.29481648066528265,0.32246160984844535,0.15794858516366583,0.2031461566019751
55,0.12406765845788469,0.5388435805901909,0.24436095917693146,0.05262387699889981,0.04010392477609315
56,0.21174423260959457,0.3231767962469238,0.3070440003738837,0.12827636118395314,0.029758609585644802
57,0.09094356743576829,0.1507218162826016,0.29129535898766246,0.22895960019304218,0.2380796571009255
58,0.32921387676807073,0.05960398757379426,0.05933818894945714,0.2512320632248598,0.30061188348381807
59,0.45668119009817976,0.1382040576375887,0.16083052976469403,0.07120659755715597,0.17307762494238155
60,0.30982251648850606,0.09386105370797565,0.27752844094683604,0.2486087396831087,0.07017924917357354
61,0.31956741993865345,0.12830494433097017,0.17404431509706786,0.34998289322711273,0.028100427406195783
62,0.15139599977448082,0.21995943241784677,0.12312189680506963,0.07019470077725459,0.4353279702253482
63,0.29063305984008747,0.2705913007109799,0.3955285663978353,0.042028139723175206,0.0012189333279221115
64,0.023510716973382827,0.10019781492479682,0.14849310654446712,0.2759344040702957,0.45186395748705754
65,0.013262912849250444,0.1460761019719671,0.23178996303518884,0.17811257462044777,0.43075844752314585
66,0.027553603722592072,0.27399888791711724,0.09459749239837112,0.07511459280546745,0.5287354231564521
67,0.0054929291486832624,0.03260730399921116,0.07961476358411726,0.2882923842006976,0.5939926190672907
68,0.47058974661241965,0.17691462982171774,0.21483673303033457,0.0683819446829903,0.06927694585253774
69,0.03287395046397997,0.0372360069294043,0.050487036346211,0.21512744981108645,0.6642755564493183
70,0.03857961145849665,0.26087501403740554,0.13954604951648503,0.22196370791054137,0.3390356170770714
71,0.38118476041366695,0.11955226048008055,0.3355524241481349,0.07539504877244052,0.08831550618567707
72,0.04141200906792,0.3704405112630944,0.18811522486962584,0.2397680717188887,0.16026418308047108
73,0.3010466994745588,0.6256751153803521,0.06837257910459915,0.0049054374554797775,1.6858501006300486e-07
74,0.057640662014029474,0.13199957155963873,0.2964536510672946,0.15459778686823378,0.3593083284908034
75,0.2481030138334262,0.3012344837917185,0.13254817451203227,0.31716645964749157,0.0009478682153314377
76,0.2348923119614517,0.38138019470641227,0.11584260226023935,0.20088610556787412,0.0669987855040226
77,0.18499269851780806,0.36242314370472695,0.2789464946790672,0.1311618268477811,0.04247583625061668
78,0.022242435568051663,0.3517007475037751,0.3053288146733906,0.1120956784569207,0.2086323237978619
79,0.3567549408139298,0.21846462995411642,0.25376626507086597,0.116248136876976,0.05476602728411184
80,0.1425894328009226,0.245185850148859,0.2584420012521935,0.3367298540554403,0.01705286174258458
81,0.2904380006564735,0.10504195919908199,0.16852257448130448,0.083546220169464,0.352451245493676
82,0.08413973349390245,0.467810562288245,0.12548480668241035,0.15323826937596896,0.1693266281594732
83,0.507716193040249,0.10679035010176585,0.11415934180864729,0.23860000025925654,0.03273411479008137
84,0.4254211806509646,0.06835387448880359,0.07232006977090227,0.10526541915121279,0.3286394559381167
85,0.37220131833873893,0.22030104839758524,0.10662072375611953,0.2914755898713519,0.009401319636204386
86,0.038026095814925887,0.32735970579090246,0.16234921915250133,0.17150740976764633,0.300757569474024
87,0.14151472583874805,0.058038330492891504,0.12049885372646418,0.5188837435249836,0.1610643464169127
88,0.05162153751758608,0.1337971532804396,0.07844601104294055,0.11014612986514766,0.6259891682938861
89,0.05439586028430694,0.2753208051051136,0.3525683569560019,0.29208231677159247,0.025632660882985103
90,0.06994686544102716,0.21194314109513454,0.1885760884665741,0.44349509738690457,0.08603880761035965
91,0.017937443766988276,0.05711876801760396,0.07668618138799949,0.26179894711336893,0.5864586597140393
92,0.09395284770525528,0.1972655280216268,0.5649608164399986,0.14221698846642772,0.0016038193666916278
93,0.2420986154611479,0.17811036186054616,0.16850940713786422,0.2683854023993367,0.142896213141105
94,0.0345301186039772,0.053121105570166735,0.045447395724176234,0.268854560049926,0.5980468200517539
95,0.24271783109807174,0.14093239995912935,0.1878023570046209,0.15756353617958063,0.2709838757585974
96,0.23309759748923606,0.06471340379667487,0.26863382316171464,0.4331033180767989,0.00045185747557552336
97,0.023648896956311574,0.09429936661169995,0.6958453373639475,0.18055791883411432,0.005648480233926612
98,0.1394708651885346,0.16847441222831747,0.08084030203726356,0.16294061781627578,0.4482738027296086
99,0.06899482930130522,0.14413224244328476,0.1631903128702183,0.10949652049691355,0.5141860948882782
100,0.1373681030016587,0.1460788037522146,0.3211564733118448,0.13230319181070693,0.26309342812357495
101,0.23499405992049083,0.1741326412917396,0.3520914984452314,0.0954589064430651,0.14332289389947306
102,0.3276891903362367,0.23784459778203054,0.06730151856040267,0.12119150572317816,0.2459731875981519
103,0.19600363030737383,0.4490877621306996,0.1209628280271734,0.09505249927538317,0.13889328025936998
104,0.3036383395458761,0.3142330421926654,0.18318947148150455,0.1439075343069911,0.05503161247296284
105,0.06396249967025301,0.13710721017329586,0.43422866489966483,0.30311132667315366,0.06159029858363263
106,0.2409551548254075,0.09419269354408569,0.14119709627518873,0.5071807653997193,0.016474289955598742
107,0.4144719681887246,0.14404318028872526,0.05735258777543506,0.11390558528599759,0.2702266784611175
108,0.36257678607354044,0.2940972203611765,0.08285532064126455,0.14464513414047653,0.11582553878354196
109,0.5806820352401062,0.05900448913665113,0.02086009927464849,0.059951663007765,0.2795017133408292
110,0.026543306241805727,0.3696014342882629,0.3826812356306225,0.10345891638914939,0.11771510745015945
111,0.10985479003687483,0.18861165579343991,0.38447647087104514,0.2593309197531629,0.057726163545477216
112,0.05038482289551886,0.1689064415924405,0.5768064608406038,0.1733399981174759,0.03056227655396082
113,0.20393600217396218,0.0647854379763314,0.08164585027913834,0.09206061196348786,0.5575720976070802
114,0.1574733182225002,0.08177132933771858,0.20944597498092082,0.1362544995226211,0.4150548779362393
115,0.10088072129363915,0.47458816525709624,0.2789062927668846,0.1117348843167223,0.033889936365657736
116,0.030549143055316984,0.2098472223950791,0.38716760110590953,0.2780324339264978,0.09440359951719657
117,0.19229296016635533,0.10250239907017827,0.09410702461194859,0.21249468833007035,0.39860292782144746
118,0.005042684248159364,0.04820212372634975,0.5974067635523961,0.2591962819100776,0.09015214656301718
119,0.07815217857971642,0.21096482148469026,0.2933797435391896,0.11000427579780281,0.3074989805986009
120,0.14691619450446733,0.07516361494438206,0.15496940219868852,0.27746675557948786,0.34548403277297424
121,0.4491760590455742,0.08474420532340288,0.09476424505441416,0.26578499830805036,0.10553049226855837
122,0.014038777278346211,0.23204465675667132,0.3515533179730542,0.30844908042768526,0.09391416756424298
123,0.416186678599458,0.41227872355667206,0.0881282552474475,0.08335786616542773,4.847643099470389e-05
124,0.02952721222817313,0.39677284399503493,0.29139653099655166,0.19119219964404555,0.09111121313619475
125,0.20330711170734977,0.16253649386941005,0.2258972179476348,0.30642319060260226,0.10183598587300313
126,0.21747613576777716,0.14623746073410857,0.0566106751754647,0.12926836312033807,0.4504073652023115
127,0.25745571800877554,0.23953219248613755,0.22002877247577324,0.22531070832698052,0.05767260870233315
128,0.07550299135227913,0.36905650433422665,0.2819370744619526,0.11525071436168399,0.15825271548985764
129,0.6590266166882736,0.23095459143648256,0.016944900947471808,0.04218460326573714,0.05088928766203493
130,0.41643692043497904,0.17279721841388695,0.16069770379100667,0.24964213683676473,0.00042602052336260243
131,0.5641819166847124,0.10273109384342183,0.10280764536159881,0.1262299983385523,0.10404934577171465
132,0.016182167429804658,0.21696422148497987,0.5747687899703392,0.18428579714886706,0.007799023966009178
133,0.20524229831354743,0.2850165574689706,0.17044208771073555,0.27817247718971605,0.06112657931703036
134,0.03785382952763333,0.029143753064771086,0.09425901917807968,0.29180041390560285,0.5469429843239131
135,0.03961222501100981,0.03521698859242455,0.06550617873361056,0.21209270722931098,0.6475719004336441
136,0.01983651565498684,0.07135390975598495,0.32674009410760946,0.2353993808951767,0.34667009958624206
137,0.009196872047021902,0.039923292967509245,0.7313814520543949,0.1420065523474422,0.07749183058363174
138,0.1314533534205003,0.15908824987449344,0.28425098903220375,0.11515191669998848,0.31005549097281404
139,0.2937014585640826,0.22137832864340956,0.235320290688679,0.1130913190615993,0.13650860304222956
140,0.00953416204055518,0.06306980927032194,0.09902917006281794,0.4894110485548379,0.338955810071467
141,0.8735423638723294,0.07229747306223411,0.04808374857212894,0.006076412670299791,1.8230077447611848e-09
142,0.1133814212652713,0.3488971311053966,0.18389392271881017,0.137122765579069,0.21670475933145295
143,0.17236640240168033,0.11135329255418064,0.22681589435963195,0.11369568189963608,0.375768728784871
144,0.33614882549995795,0.12213903880751248,0.3672164730689445,0.11458887736365986,0.05990678525992521
145,0.06731886469183479,0.04133751274168414,0.31763331108227727,0.1750303033162186,0.3986800081679852
146,0.09846403815162247,0.1984832825850364,0.2521947268563811,0.31772501126411623,0.1331329411428438
147,0.05688618595594023,0.1065516484440521,0.17667054208938288,0.32094410377948246,0.33894751973114234
148,0.5159533664276807,0.3487898606010583,0.0722370682374982,0.06089477192092008,0.0021249328128426503
149,0.06082172593842249,0.06730142275616272,0.04773128670570104,0.07040356404732681,0.7537420005523869
150,0.15928702879236256,0.10032884266768799,0.09642612094076264,0.33990937877279387,0.30404862882639294
151,0.2855847574027879,0.22805722964083897,0.19140781756253422,0.21712604034137317,0.07782415505246576
152,0.0028062735105356135,0.2547609634309013,0.32913864671619714,0.4128381524683763,0.0004559638739896066
153,0.12539934077621115,0.2521479588891252,0.08376024393503279,0.13523720665275119,0.40345524974687963
154,0.5083026641655272,0.11570984692862019,0.08495968224282024,0.11015135154066824,0.18087645512236417
155,0.01264361209418124,0.04312396146116037,0.19511069690044558,0.24238039004369982,0.5067413395005129
156,0.05154115667429445,0.08626169056569019,0.3639857026941527,0.17752001383944116,0.3206914362264215
157,0.25806791059677026,0.14506054009717334,0.19665526723281807,0.18631917970047873,0.2138971023727596
158,0.15519599414240634,0.30362785900102784,0.3048694708967238,0.12253647292485426,0.11377020303498775
159,0.32330645379454775,0.3389092696430532,0.14064727990285164,0.0739960027316422,0.12314099392790523
160,0.5860062383564574,0.07687324758307423,0.054010854557581034,0.12922206866830277,0.1538875908345846
161,0.432945992556345,0.20595388790861657,0.21359512603131559,0.0844405622734743,0.06306443123024852
162,0.7093154254652427,0.17735025557063,0.0708141438530232,0.03283291921335019,0.009687255897753877
163,0.22055530725659647,0.0621086320371029,0.1737045471442532,0.4829425333196724,0.06068898024237501
164,0.055293891071343526,0.16513742211269122,0.3950682691724664,0.18355541429309852,0.20094500335040033
165,0.7403878822693977,0.06548569888987321,0.0984132207922449,0.06819018132457633,0.02752301672390789
166,0.12464953537553511,0.2173690616733331,0.4592419285014229,0.12787599653498793,0.07086347791472092
167,0.13398615812638476,0.30316071479934603,0.16302342758772664,0.2510100827405599,0.14881961674598265
168,0.04327892666048346,0.05030740183927982,0.30314514376272245,0.489110905791616,0.11415762194589829
169,0.1408667447401547,0.0493504599027709,0.16989973285087898,0.209957420614597,0.42992564189159843
170,0.3087767297467863,0.15914160132314703,0.06417021682344864,0.1537949093224681,0.3141165427841499
171,0.2273084596506007,0.39064391684524485,0.12716927870242634,0.15277803853736482,0.10210030626436328
172,0.5842857529991672,0.11131309898969044,0.13664401040359886,0.14156756647119495,0.026189571136348566
173,0.18732842021604257,0.16033580153637977,0.21261222133113095,0.18323048349471815,0.25649307342172856
174,0.03140111168239332,0.060358725687283496,0.2182874443936182,0.5958217574717137,0.09413096076499128
175,0.1311263523170076,0.3013472518680832,0.38460642939353845,0.182557090278191,0.0003628761431797578
176,0.09461688601546625,0.19013472828884193,0.17433544814020963,0.4465256152188821,0.09438732233660008
177,0.4699666399092165,0.09347343288669097,0.12590352214199851,0.2276419061663677,0.08301449889572632
178,0.5478695886941763,0.05018649031896327,0.07181124764624347,0.10638594086549669,0.22374673247512022
179,0.008066152839417064,0.15122074485821294,0.576429753840201,0.18611127172535546,0.07817207673681348
180,0.40225964387370666,0.1414367985913479,0.08181232212775802,0.1928146992030768,0.18167653620411062
181,0.33405906520615564,0.04862401189363791,0.0786381731170589,0.23143536503798445,0.3072433847451631
182,0.1966415343176198,0.34760489669675587,0.19360902317717987,0.07386686525825947,0.188277680550185
183,0.1301278263897007,0.3864151437012784,0.21855165657732623,0.14847031499279495,0.11643505833889978
184,0.046659021794994815,0.05366385159536376,0.14896194153707754,0.1339467311515134,0.6167684539210505
185,0.24999965546802883,0.15687224691684637,0.26053323818898394,0.19049121724599483,0.14210364218014604
186,0.06587995183369269,0.13681753247962555,0.26147178377813846,0.12941540775659327,0.40641532415195003
187,0.2726852740143334,0.32046893257751374,0.31292419175707265,0.09200540905028265,0.0019161926007975616
188,0.11365358494804971,0.0644661235919914,0.330172096679642,0.16108147792044702,0.3306267168598699
189,0.19880966223662494,0.09679489041438871,0.31300709761653095,0.25505141735117454,0.13633693238128086
190,0.11299088656994709,0.11680070146272957,0.3591494003682568,0.4107943675985667,0.0002646440004998585
191,0.10777679221661758,0.24340377202027852,0.43226374670258166,0.12914404655372902,0.08741164250679323
192,0.027358280370689544,0.4049080127853909,0.3584299729436645,0.2030842145445937,0.00621951935566134
193,0.3991964711279629,0.0547298376427936,0.15259051381069139,0.35629758553479574,0.037185591883756364
194,0.5474190008966388,0.36605463000340976,0.03394617557266966,0.03342744170630829,0.019152751820973535
195,0.04303232734369601,0.2198805175308744,0.13523452974058753,0.08517580492014698,0.5166768204646951
196,0.5447154298891904,0.06961087136571598,0.17365807607608108,0.18100800178741439,0.03100762088159814
197,0.07762670738472822,0.6373383850728255,0.16187059346416133,0.1226484219300743,0.0005158921482106837
198,0.15949942993150718,0.11418069865221148,0.2800942422588271,0.3593868961686507,0.08683873298880351
199,0.13196109719390578,0.10502110000533194,0.08559194325495581,0.3179431766893842,0.35948268285642226
200,0.5174839265373745,0.25541824359179344,0.1617123478731971,0.060422497370414385,0.004962984627220557
201,0.34011328628859155,0.16046943727952917,0.2527953099797099,0.1279344811385743,0.11868748531359508
202,0.30749819694364655,0.205305353257199,0.20274475883106702,0.25184890723362474,0.03260278373446268
203,0.24176827940851914,0.24052543152488726,0.12074431004706093,0.3256840903680175,0.07127788865151519
204,0.04888595822417138,0.24394417815039857,0.26119701319472904,0.1903226797897084,0.2556501706409926
205,0.0941809801126808,0.3860035169808351,0.35157376824192876,0.07894192221651519,0.08929981244804008
206,0.48254842618762667,0.0885640553623433,0.10888994221826143,0.07895528170623778,0.24104229452553083
207,0.20489944349890146,0.18753788343086722,0.13729591628247467,0.17762541216705852,0.29264134462069813
208,0.11829478717050108,0.045998327357755234,0.23254912184022716,0.18352419965311906,0.41963356397839746
209,0.21492750591149035,0.13671122812497688,0.2466587494893146,0.27794812263490176,0.12375439383931641
210,0.14290274303701542,0.05695973527747264,0.3160623815695815,0.20799913176757168,0.27607600834835877
211,0.03555952022860819,0.3017779874736525,0.180964784683327,0.14900965391553656,0.3326880536988758
212,0.4026227547524204,0.18276121895669295,0.12188331330560886,0.11367518164520629,0.17905753134007152
213,0.007780427660935213,0.11139225671801439,0.5178837970173754,0.18671411433274399,0.17622940427093103
214,0.45079878040898014,0.44431112190995103,0.052883855426285376,0.031313116931997675,0.020693125322785777
215,0.3062390000646349,0.21479398357166757,0.18928325721992156,0.13456247201302995,0.15512128713074602
216,0.09497071127036524,0.21556734850051137,0.09779329109506252,0.3493284292699664,0.24234021986409449
217,0.24089630800561868,0.10594298238003824,0.3881970910427602,0.14394536692875037,0.12101825164283253
218,0.1633307109094613,0.48087403969399867,0.13392867684235876,0.0627623023744488,0.1591042701797325
219,0.037283562808792366,0.13027705636102024,0.08345363269521991,0.2682225676477314,0.4807631804872361
220,0.2616505148875483,0.35716493463699206,0.30696032088718495,0.05982083420708939,0.014403395381185291
221,0.3026462947517825,0.27329701906450543,0.13302443704710887,0.2409467256097343,0.0500855235268689
222,0.17098544711438898,0.15494205302289968,0.05598403807385749,0.11276798482713962,0.5053204769617142
223,0.1254984325319245,0.22654228162948226,0.14845313762087092,0.21334361634932142,0.2861625318684009
224,0.04173699733899902,0.08769624389155403,0.11339972824465439,0.43413991977681116,0.3230271107479814
225,0.08182756777069176,0.14028779655868462,0.17073489526216684,0.23754307015978798,0.3696066702486688
226,2.8798880649554727e-06,0.003712020757537695,0.22599942161599762,0.5702400121645349,0.20004566557386483
227,0.0830005383835631,0.026052185088661944,0.034408601087369275,0.28532363162483937,0.5712150438155663
228,0.08487593511484874,0.10971484015968773,0.10924799798844051,0.1306776711524838,0.5654835555845392
229,0.13716931645086655,0.17239584389177132,0.24972903255550977,0.21246722458313916,0.2282385825187132
230,0.12564226811375598,0.17640468214359142,0.5371861101105939,0.11585036222226075,0.04491657740979793
231,0.11594022920303747,0.06886229534257925,0.03463005958815013,0.12061875521015306,0.65994866065608
232,0.31019074135543495,0.19951304934209063,0.20472857857974702,0.23010833219190174,0.05545929853082565
233,0.09782679606160533,0.4820300684437026,0.15916074526823298,0.115090480645757,0.14589190958070208
234,0.12927957677472734,0.5394223290585992,0.2978680629326742,0.03327122527241977,0.0001588059615794668
235,0.017645809009350703,0.036095218537966045,0.16141808144584943,0.2105839740185668,0.574256916988267
236,0.3126042192877443,0.33710932765191925,0.10904746184315806,0.09457228169082532,0.14666670952635308
237,3.6011275797300657e-09,0.07965907736908179,0.20487488496999418,0.285349094702148,0.4301169393576485
238,0.11167662108164048,0.4139345274578391,0.14819431666069582,0.14389448169494456,0.18230005310488007
239,0.163499987767791,0.15589149257728274,0.22868172412885351,0.36701936611387476,0.08490742941219798
240,0.0328362387148073,0.2289061469315598,0.14924333119177552,0.24993012286911348,0.3390841602927439
241,0.14122275397389764,0.24290109774823918,0.1119974679797271,0.22497183321519298,0.2789068470829431
242,0.18164592896247178,0.08996180083220434,0.09034329933422713,0.20765844390756555,0.4303905269635312
243,0.06560206951534157,0.022841907488224067,0.006245278690008571,0.03019094783458881,0.875119796471837
244,0.005371308740458118,0.17005046641633836,0.281587393080559,0.262105088948166,0.28088574281447853
245,0.15297957384265531,0.06680710566063633,0.14237116702633215,0.296945136027708,0.3408970174426682
246,0.10302727499879541,0.4289176703130638,0.09924174855334367,0.12277452367252994,0.24603878246226718
247,0.07015932962312185,0.14918666064179348,0.22661969859262762,0.5019191311191573,0.052115180023299734
248,0.36912000916005927,0.23621499296235793,0.07889924815804483,0.14489707556118325,0.17086867415835472
249,0.43974201112143757,0.15237418889066073,0.17463600673273372,0.212383733750918,0.020864059504249965
250,0.046364039874453256,0.2577572571259985,0.2123582064931503,0.40888488488065533,0.07463561162574261
251,0.013427125568902597,0.08945024900664236,0.6167191762853323,0.17537415120827293,0.10502929793084981
252,0.02721708798401977,0.15175274232034602,0.17312411075419093,0.14899986931758047,0.4989061896238628
253,0.40482941187221977,0.18327321884300496,0.2084143692928605,0.20225019582067894,0.001232804171235835
254,0.2200231491101093,0.1513892073860401,0.12648102364455788,0.2676919527688405,0.23441466709045222
255,0.46343498064205824,0.18512826837792373,0.0653185837900272,0.17310294367805235,0.11301522351193849
256,0.3374370594402207,0.0938488281942843,0.20880757904311925,0.13041479970736458,0.22949173361501118
257,0.09756568279925795,0.0338793888895276,0.030541815017792406,0.2290645541372851,0.608948559156137
258,0.2399537478021787,0.09009886136365558,0.2639035956762768,0.13613187100733293,0.269911924150556
259,0.07950172815241562,0.082220280008981,0.3604298451538971,0.2760313361766046,0.20181681050810174
260,0.13189749925641242,0.31259101951705925,0.29637161522151595,0.09234982867865005,0.16679003732636233
261,0.5260137308301824,0.14375964435477084,0.07935778302282881,0.10558976940388154,0.14527907238833637
262,0.11109953444963869,0.11690802093929567,0.7088410271497521,0.061154921805139595,0.001996495656173991
263,0.8134299744984043,0.08538433542533364,0.04153142501259666,0.05113399859706602,0.008520266466599424
264,0.06672661337589388,0.13016816284821459,0.23294172715836936,0.261827846804053,0.30833564981346917
265,0.18058986856424425,0.1707171304926739,0.30196998858128316,0.2017424687104601,0.1449805436513386
266,0.25722312131599906,0.09629539699078632,0.2431279433057334,0.13201459321955256,0.27133894516792867
267,0.13879906421181057,0.3459628253974324,0.10561932231303228,0.1714721636737334,0.23814662440399137
268,0.06475386921871519,0.07476014483265168,0.18940403255290772,0.157637606004983,0.5134443473907424
269,0.17093846208938177,0.09295257879752941,0.41834871845171595,0.15153722812023207,0.1662230125411408
270,0.4963939852769572,0.2654120290868772,0.11474764111693658,0.1051649043418359,0.018281440177393082
271,0.4263970575076658,0.10923201128313459,0.1193370838335509,0.10304170352559405,0.24199214385005463
272,0.044865057444713606,0.31277731444620316,0.44017035112747394,0.1433831929161572,0.05880408406545212
273,0.016369152465136306,0.12925367059749027,0.26539832078727904,0.4137291890833309,0.17524966706676348
274,0.17970675390185112,0.17070157029267632,0.3719553652994268,0.11617321932371705,0.1614630911823287
275,0.14736558956327725,0.09903481690034002,0.3676449232937007,0.2528944789025698,0.13306019134011227
276,0.406452679307976,0.20696158932011333,0.22607022330205595,0.15979952293189614,0.0007159851379585636
277,0.11657099239314005,0.22833528143141923,0.36910799127359006,0.20230176698728597,0.08368396791456467
278,0.22705322740729156,0.17624704629629828,0.2200036432542774,0.32838208071115615,0.0483140023309766
279,0.16532644161232796,0.2186144810731414,0.08735399185141918,0.11619538148312691,0.41250970397998454
280,0.36238529803308045,0.061531976070526295,0.12023152224836114,0.16508042547002333,0.2907707781780088
281,0.17523133430847737,0.15598616179434588,0.37329666445634413,0.12577169210419836,0.16971414733663426
282,0.03511553614385054,0.42902910582135023,0.31873948982849976,0.14008510905068416,0.0770307591556153
283,0.5358772820471653,0.14396718130410457,0.14837675445532827,0.08988074313423189,0.08189803905916992
284,0.09108419154096674,0.06275878578707152,0.13810669872002918,0.5931231745059227,0.1149271494460099
285,0.1154831588797496,0.3027049998686649,0.2355780852007781,0.14339783036621356,0.20283592568459385
286,0.05720574787267967,0.0330903234793181,0.1262038422230872,0.4230731541333688,0.3604269322915462
287,0.4746269987254402,0.16009451811374448,0.12419380112670053,0.10663192819654121,0.1344527538375736
288,0.05855117687729169,0.0701970547050875,0.0687076210440899,0.48956805975059153,0.3129760876229394
289,0.24563992061300619,0.037879119830349944,0.030144831253229087,0.043783083849959104,0.6425530444534557
290,0.08415219107281498,0.2074482859605104,0.12663860676190225,0.23078799046938753,0.35097292573538486
291,0.09226015552631532,0.07368946143916631,0.25507946392267844,0.5151202573928745,0.06385066171896547
292,0.07786173851232915,0.04284372471195082,0.03736173338593546,0.2615693309296022,0.5803634724601824
293,0.18061598483352553,0.1421527261862534,0.4181752870662934,0.18625428785424292,0.07280171405968472
294,0.10145335223082315,0.5675016737061747,0.21509026896842187,0.11069019495985122,0.005264510134729061
295,0.0009575788124217718,0.024362026177635384,0.08492891560247258,0.27873808096752417,0.6110133984399461
296,0.2569945077154398,0.32287635974127665,0.13839488067986516,0.12161313448372779,0.1601211173796906
297,0.22379650462925857,0.11023283525087982,0.05346165420254689,0.15074926636677677,0.46175973955053795
298,0.13273136781208986,0.2551002171210638,0.4830957830339616,0.11608850120797742,0.012984130824907347
299,0.04670552126212551,0.10174781442628894,0.2856681313262791,0.17230159170453996,0.3935769412807665
300,0.11829577996817575,0.08121844398331213,0.32087688720087726,0.47934407512118415,0.0002648137264507078
301,0.19194224970244134,0.11973203411109024,0.13052586797500815,0.3606451506539256,0.19715469755753467
302,0.2717118095957311,0.06890961646691812,0.21456538726614938,0.326013543225809,0.1187996434453924
303,0.1512967210391813,0.16895713353283903,0.21569351109835017,0.12756778239087352,0.336484851938756
304,0.14756007643395425,0.4136652401749326,0.24831080337554,0.13392366319449467,0.05654021682107846
305,0.08757286336905319,0.11177745320880501,0.2045002298827346,0.5465534431927364,0.04959601034667083
306,0.12952999310577487,0.5631086090637284,0.19741283928204068,0.09087899089190055,0.01906956765655554
307,0.0015387327005031203,0.15654825387126103,0.16962108146522034,0.2810762900112449,0.3912156419517706
308,0.1829855378229735,0.09260285731978862,0.3907036851961916,0.12873917246207456,0.20496874719897173
309,0.17456404312257456,0.27039356238361184,0.2253356428957976,0.3009442486476248,0.028762502950391178
310,0.11055905594528667,0.04590127939980887,0.05570636522724379,0.394526748511546,0.39330655091611466
311,0.000540241703871569,0.495382212638333,0.12562105410521135,0.08904972689648338,0.2894067646561007
312,0.32620995097020744,0.4274110927470408,0.2236761718541347,0.022451159719649616,0.00025162470896744615
313,0.03339378427487358,0.15924082076069523,0.11356146829709166,0.17820165234696972,0.5156022743203699
314,0.1482956491927463,0.140504441920965,0.1167644963794528,0.5480719465076824,0.04636346599915342
315,0.2232489507045159,0.23280131845349467,0.26556783594261774,0.27817511855504995,0.0002067763443217574
316,0.27346061480656053,0.039749822200606244,0.08636666749971994,0.42482146783602753,0.17560142765708575
317,0.2796717549233828,0.5089216980060571,0.0775173792255357,0.10049404570817111,0.03339512213685325
318,0.015618303933147035,0.08389258325129009,0.39391185010631874,0.16543443086005744,0.3411428318491867
319,0.4005669836038825,0.08114356672515693,0.056927319195281156,0.12597153814830364,0.3353905923273758
320,0.3197303891120455,0.09684251734273464,0.32041258425669866,0.2320204331530087,0.030994076135512527
321,0.07393327212711537,0.18532128169454543,0.6299925267001458,0.06877075006783939,0.04198216941035393
322,0.2711197650958904,0.18590097184295462,0.23094705590529996,0.2997860870516258,0.012246120104229208
323,0.21331112960239565,0.09741677643705707,0.37057646863156396,0.3183488216164564,0.000346803712526933
324,0.1882072747881135,0.3543446918997678,0.2737624621366823,0.16391589669076767,0.01976967448466871
325,0.32240850646265895,0.10257956687715636,0.1581109673779782,0.09229153081349506,0.32460942846871144
326,0.00631819001658995,0.2684002402484552,0.20510561509670583,0.3016302864560724,0.21854566818217658
327,0.14685793819909265,0.07289935648992002,0.06961654844284465,0.09697921862883369,0.613646938239309
328,0.18391242403388205,0.2180795662349708,0.1556845541450696,0.08984044539277158,0.35248301019330597
329,0.394795836666174,0.06309760972727779,0.055442762481738794,0.11940270828171351,0.3672610828430959
330,0.2260986683255264,0.09903584643108526,0.09936997753232457,0.18932469179779327,0.3861708159132705
331,0.027171122712240776,0.3603977314294378,0.33998956645558404,0.1757301085742885,0.09671147082844889
332,0.12054021802919618,0.05342416973762368,0.1737438174912778,0.4455305587458789,0.20676123599602347
333,0.1418459266738203,0.09905782710750374,0.3246290597429493,0.1673630470608657,0.267104139414861
334,0.10369355662485284,0.3704793349515173,0.3016211645042232,0.1294594339360714,0.09474650998333523
335,0.3950119438777163,0.1901851250147516,0.24285572174095937,0.06599467229733325,0.10595253706923946
336,0.6035178436199381,0.12483996917126305,0.0965530592449374,0.09753827020699268,0.07755085775686876
337,0.379195833874487,0.10946216617573734,0.1519239680465136,0.31588631962486013,0.04353171227840191
338,0.38570048381357613,0.06933486755700463,0.04868944211177911,0.20840486452601703,0.2878703419916231
339,0.4626401460264361,0.10459533748732575,0.152269631340061,0.2792669838044036,0.0012279013417735296
340,0.0275190676242782,0.1411731691193434,0.09492862022116849,0.10146718920833414,0.6349119538268757
341,0.18640482331961516,0.4843026875752622,0.1515221573117813,0.059100130759139,0.11867020103420234
342,0.004728558382607829,0.17182128964702004,0.1392747125653031,0.2650186997077055,0.41915673969736356
343,0.38595565816679134,0.07223738899365373,0.13185598338557158,0.13951530360724373,0.2704356658467396
344,0.011502843415213572,0.20989814861656714,0.4819517755965949,0.2706981922781557,0.025949040093468656
345,0.13675617317680283,0.1644149759339007,0.10600751969936839,0.327009936223818,0.26581139496611006
346,0.007983215277463766,0.032091306137770434,0.24580270209041988,0.3494750685022619,0.364647707992084
347,0.025798955559781164,0.1091152939185543,0.35183761686945975,0.20297433745260007,0.3102737961996047
348,0.21333168828009005,0.3920508360842164,0.16857951691104045,0.17724866143939977,0.048789297285253275
349,0.14766197461150696,0.14921424949026482,0.08786141452982993,0.2637529971857199,0.3515093641826784
350,0.016430981937241147,0.15995353500718376,0.15986052214483326,0.39230028541585327,0.27145467549488855
351,0.3216298400026681,0.10344849264958988,0.11863222697541115,0.2931840789505573,0.16310536142177356
352,0.33678161486781233,0.13531572354441807,0.08735887950678439,0.31742791941929693,0.12311586266168828
353,0.011243118896136379,0.3402738259786918,0.33846766248247784,0.14233649175598873,0.16767890088670523
354,0.22562946851830878,0.06489106935337785,0.059710910876212386,0.07906012370881921,0.5707084275432818
355,0.02590411261621303,0.07532953247401913,0.7518985075531971,0.11384455213772804,0.03302329521884273
356,0.02674249434517084,0.2597526648182483,0.19719143811889123,0.13440114254918462,0.381912260168505
357,0.029470661133692032,0.08452855786576191,0.4177594060238671,0.2832897407106211,0.18495163426605787
358,0.0940789092150017,0.0778710734292887,0.10363514892016351,0.714167651092626,0.01024721734292
359,0.1708307264704579,0.05439073319207974,0.10231381849641213,0.14597525980040332,0.5264894620406468
360,0.004687597299342287,0.011096812586640423,0.04636926464081722,0.376546922461769,0.5612994030114311
361,0.004289640835341882,0.08289924234854067,0.612216846686618,0.2699637029471472,0.030630567182352242
362,0.025219169368580575,0.045221479932395704,0.4552749811299409,0.34214949694957375,0.13213487261950907
363,0.1785437630357099,0.11981160496929161,0.13618030537225456,0.3590764045642445,0.20638792205849943
364,0.08479248501075605,0.12435989485470504,0.11839838316125012,0.33123051242964435,0.34121872454364444
365,0.16318905919337395,0.2083255566595245,0.0628381804094475,0.11962572455486181,0.4460214791827922
366,0.09414036656102961,0.4569875442429673,0.28621511306509584,0.07039507083164276,0.09226190529926448
367,0.2765335530631729,0.11890962475982325,0.1625702649328929,0.19837887519463893,0.24360768204947203
368,0.2928093756358919,0.12491580694107807,0.19581815079859605,0.2524773244684064,0.13397934215602758
369,0.31680515722163316,0.17039188927828658,0.16534748052341358,0.1847658410470927,0.16268963192957397
370,0.11867922828981482,0.17564626752713414,0.2918026079157488,0.23273344439355514,0.1811384518737471
371,0.4531408358445863,0.09601477699734129,0.19484298293483016,0.09193791130863882,0.16406349291460343
372,0.10435148945620877,0.6649776820111732,0.12067518043998571,0.0908920884969533,0.019103559595679
373,0.3664320072844914,0.059141185544332175,0.16987912489244483,0.3077614571955347,0.0967862250831969
374,0.22688315003180887,0.20364145275648016,0.5029575991723703,0.05441202507612675,0.012105772963214023
375,0.45944792759440717,0.31622973821541883,0.0966636982344099,0.10192732508103364,0.025731310874730462
376,0.08614631187212785,0.39902873075658496,0.28136959150138274,0.12460367724575738,0.10885168862414707
377,0.09182668921777551,0.09147857655496919,0.3325396802003076,0.15775803573548375,0.32639701829146395
378,0.10919032103527002,0.23861298109115628,0.4629347335027525,0.15779656774672413,0.031465396624097086
379,0.1939331667433827,0.149181455471081,0.4221026370986291,0.16227975937273065,0.07250298131417654
380,0.09723384686772343,0.37068502342480336,0.1054939900191103,0.2586992160996262,0.16788792358873672
381,0.0006761549952009221,0.01732652227718703,0.15549360149420471,0.23719399447567074,0.5893097267577365
382,0.12434416857223315,0.3566025126644685,0.11270912746747408,0.14658227037974358,0.25976192091608064
383,0.2646998940775625,0.13826353340993192,0.28052759175023195,0.2612112816481791,0.055297699114094545
384,0.29995173598662717,0.14036283107839043,0.22128315401777743,0.10819654084415964,0.23020573807304534
385,0.15972242458505836,0.07272572896975019,0.1442759799744062,0.11374378392121015,0.509532082549575
386,0.3016087739731946,0.15285622297952317,0.19760812920582443,0.24689364714918804,0.10103322669226977
387,0.12692544679811496,0.3307568662193755,0.1469073213373287,0.25932572062442283,0.136084645020758
388,0.17073660653446499,0.4998628944164871,0.11977720022802452,0.15669735479125402,0.052925944029769356
389,0.3816436993263735,0.08610540581803522,0.24767149784623088,0.16599942054092187,0.11857997646843854
