id,0,1,2,3,4
0,0.447075445040972,0.2751626162562483,0.07765521511686713,0.18947018459445486,0.010636538991457667
1,0.22192709805029667,0.08463027899888367,0.15246076596042485,0.41450073271373467,0.12648112427666014
2,0.10980502966939813,0.1382705227183424,0.20998207834865223,0.08148494297537351,0.4604574262882337
3,0.17117829895450692,0.2613234829414304,0.14935520849894007,0.02800798618269218,0.39013502342243045
4,0.3391353489686352,0.3312495405538167,0.11221916597381276,0.1768889177746089,0.04050702672912643
5,0.02164453235377225,0.3972792025001123,0.23774648926564595,0.1717673619923461,0.17156241388812343
6,0.6213619666572477,0.11135364275116277,0.14497916113587983,0.07760972105119057,0.04469550840451908
7,0.18847131958180277,0.26787222995490434,0.2874131206874124,0.21584652624873812,0.040396803527142366
8,0.4478666289912404,0.1509929576089022,0.14745844968587662,0.16247226407220616,0.09120969964177461
9,0.20226052557219554,0.05468886858318578,0.0629011928243412,0.044767765183407804,0.6353816478368697
10,0.06640293868324385,0.289014024966079,0.2411678816014775,0.2627152374166012,0.14069991733259846
11,0.3329189036450975,0.052006256725536826,0.35370877772968584,0.09167744244528475,0.16968861945439506
12,0.06402938683243853,0.03885728458595063,0.0902830190832117,0.5002444731798541,0.3065858363185451
13,0.49997174343034756,0.09247301779559691,0.24746985990532555,0.11263429041461048,0.047451088454119494
14,0.18112461147216727,0.03648052038813207,0.14066594604791838,0.3858457586858854,0.2558831634058969
15,0.11997739474427804,0.3584973023334126,0.1034890169030992,0.26785717331598613,0.15017911270322404
16,0.4003955919751342,0.31307554131068194,0.12025351986252975,0.022599403065487134,0.143675943786167
17,0.026730714891212207,0.2468972252370843,0.3797338528279468,0.16934418665246442,0.17729402039129227
18,0.08143543373834415,0.12312621986108564,0.6951181756428327,0.06863100018733248,0.03168917057040499
19,0.08595648488273522,0.18275342245867604,0.3911620243554938,0.07035678144721191,0.26977128685588303
20,0.7800508618253744,0.019611623883325713,0.0,0.05379576725354851,0.14654174703775136
21,0.0890081944051992,0.13821917551639734,0.4307235372288837,0.09652691043012052,0.24552218241939927
22,0.3542808703023453,0.2917276827981537,0.09977586525595783,0.10789428100975984,0.14632130063378335
23,0.24837524724498444,0.08106167363883593,0.04057375147477088,0.08609293745127372,0.543896390190135
24,0.048657812941508886,0.12554033388671632,0.49261081795299155,0.231620354590511,0.10157068062827224
25,0.029104266742017517,0.20999053012184563,0.2196031753880045,0.23449574502561926,0.3068062827225131
26,0.10765753037581237,0.08535743755006074,0.24850050699408419,0.3774429158212937,0.18104160925874901
27,0.041311104831873405,0.2313546114902934,0.2362990648944821,0.3749150754931886,0.11612014329016251
28,0.5287934444758406,0.039168066571914184,0.053383206134742456,0.08728024837275217,0.29137503444475055
29,0.14710370161062447,0.20018781656471407,0.13040325236895178,0.2859315728009839,0.23637365665472576
30,0.21209381181124612,0.13412856880172605,0.17800387338916235,0.21030116401935894,0.26547258197850654
31,0.10415371573890929,0.15846210749701367,0.052752373135475095,0.4207023464778718,0.26392945715073013
32,0.7932749364227182,0.03245564091156561,0.11407732021107375,0.04536708178779214,0.01482502066685032
33,0.48087030234529526,0.06891587014223155,0.4054966450151414,0.038599794787218866,0.006117387710112943
34,0.0,0.010085531004989308,0.1572570517057898,0.23772768458048574,0.5949297327087352
35,0.006385984741452386,0.04208158475248917,0.2294406482221737,0.27662471146547746,0.4454670708184073
36,0.16597909013845719,0.20066381791571242,0.12215111542501927,0.22975103025462218,0.28145494626618894
37,0.40853348403503814,0.2607822679250474,0.09663942413383131,0.0793465599215144,0.15469826398456876
38,0.36377507770556655,0.11491344688459737,0.270190877757755,0.22935151526023767,0.021769082391843386
39,0.0,0.05937277263007839,0.7070092978074883,0.1073572516897412,0.12626067787269213
40,0.016671376094942077,0.03853176004190753,0.14682461199548766,0.06416128465906534,0.7338109672085974
41,0.08934727324102854,0.46653298335198645,0.09758825994914078,0.24209499957798752,0.10443648387985671
42,0.18654987284543656,0.44855347711892557,0.0707664472608247,0.11000234386051178,0.1841278589143014
43,0.32715456343599886,0.053031381303547676,0.0,0.03458396432631178,0.5852300909341417
44,0.0803051709522464,0.1921467178574471,0.32648087533118153,0.21087710083570255,0.1901901350234224
45,0.34975981915795423,0.031530273500634476,0.1101720204684124,0.10473518640455032,0.40380270046844857
46,0.0,0.04857448325017818,0.07693245378290614,0.3171494421347305,0.5573436208321851
47,0.271884713195818,0.49322576435229326,0.17779240398870844,0.026069287104679373,0.031027831358500957
48,0.09443345577846848,0.14081244586087577,0.08097608341935372,0.21450273249434687,0.46927528244695516
49,0.264311952528963,0.35165383506904135,0.06823912168694768,0.05263719597820593,0.26315789473684204
50,0.43147781859282286,0.13947727762955775,0.12808439150440698,0.2283785337667369,0.07258197850647552
51,0.37530375812376376,0.03143180851914429,0.17416091147875684,0.15274915428395652,0.2663543675943786
52,0.5110483187341056,0.10235153871421954,0.03878797606288087,0.12367328525429422,0.22413888123449976
53,0.3924837524724498,0.056803489152639275,0.3543413602959355,0.08388862045428547,0.11248277762468994
54,0.028652161627578412,0.3077341534116233,0.3236990638295283,0.12767984571104407,0.21223477542022595
55,0.12099463125176602,0.5069454970447415,0.28625410862985323,0.030087934470718447,0.05571782860292085
56,0.20474710370161062,0.3105059255214828,0.309827013466341,0.1311062345219186,0.043813722788646925
57,0.09454648205707827,0.1520322777433494,0.3166016030597645,0.20816160462396338,0.2286580325158445
58,0.34908166148629555,0.042579065527246884,0.04302443840801573,0.3079987695467527,0.25731606503168913
59,0.46753320146934163,0.10812610002745104,0.19733963126734821,0.026560174427923133,0.20044089280793598
60,0.3294150890081944,0.05636538141233305,0.28721846234361337,0.2464830181865344,0.0805180490493248
61,0.32760666855043796,0.11986303921862829,0.15071599127042146,0.355906337334169,0.04590796362634331
62,0.15399830460582087,0.2326374758645996,0.12457019605039066,0.033186418078251956,0.4556076054009369
63,0.29121220683808985,0.2252168737036066,0.4152678244743121,0.06830309498399145,0.0
64,0.02175755863238203,0.12122177137474556,0.16203667853075926,0.3282162868602945,0.3667677046018186
65,0.012037298671941225,0.17755642905435956,0.24178300653197032,0.15600270911455888,0.41262055662717
66,0.03622492229443345,0.3005890477697148,0.05977087518665225,0.07605224485666712,0.5273629098925323
67,0.0,0.04269422665716322,0.12432818529587841,0.3953363645694165,0.43764122347754186
68,0.4778185928228313,0.1378264535064631,0.252871495826522,0.04402134706986571,0.08746211077431787
69,0.029556371856456622,0.0364450536602932,0.0762611145045949,0.3523089672809424,0.5054284926977128
70,0.04730149759819158,0.2830976470917585,0.11229028967504456,0.2583301302533575,0.29898043538164787
71,0.4026561175473298,0.05775015472636941,0.39018070744881944,0.03968582270239196,0.10972719757508942
72,0.05272675897146086,0.38287552185533885,0.1559665558861139,0.2520795512727575,0.1563516120143289
73,0.2514269567674484,0.6243392584855808,0.12423378474697078,0.0,0.0
74,0.0602995196383159,0.1440483064486406,0.3342861120133636,0.09559036611571736,0.3657756957839625
75,0.23435998869737212,0.3329600398129629,0.07302148696458499,0.3402040893749009,0.019454395150179105
76,0.2144673636620514,0.4156110397591888,0.07429726360117173,0.21863342639175176,0.0769909065858363
77,0.17739474427804464,0.3533607795993609,0.28130424133070553,0.12990771894730369,0.05803251584458524
78,0.03260808137892059,0.3527447340166603,0.31507407894806916,0.0703639571305853,0.22920914852576468
79,0.35439389658095505,0.1950715346378618,0.26942464348769335,0.10940973240288643,0.07170019289060336
80,0.14484317603842894,0.2520563250307086,0.22935450106533417,0.3352229887721142,0.03852300909341411
81,0.30477536027126306,0.07950831756195148,0.20675154095013654,0.032607658042220766,0.37635712317442815
82,0.08686069511161344,0.48452205613571386,0.09595983146345177,0.15668607532173684,0.1759713419674841
83,0.5160214749929358,0.1066798792479765,0.07153557211981343,0.2582017619831707,0.047561311656103555
84,0.447075445040972,0.04786397049716051,0.07453763889089632,0.0938461751107893,0.33667677046018185
85,0.3610624470189319,0.24763320515498116,0.048294742703354765,0.3129737825820873,0.030035822540644852
86,0.047414523876801354,0.3452084269428708,0.138753783438599,0.18121626656840295,0.2874069991733259
87,0.15094659508335687,0.04292368289240933,0.14092161103170445,0.5464426108547504,0.11876550013777898
88,0.055552415936705284,0.15221665034982357,0.055944914503225696,0.15766932039514486,0.5786166988151006
89,0.06097767730997456,0.28171654934718865,0.32550214474091577,0.28887169142914626,0.04293193717277477
90,0.07284543656400112,0.23178749287291978,0.1617491410006458,0.4511158628773962,0.08250206668503712
91,0.013845719129697655,0.0728969750969595,0.08625623853748374,0.3879269421325249,0.4390741251033342
92,0.09793727041537156,0.19097933685476384,0.5341356872869618,0.17116098733874185,0.005786718104160871
93,0.24645380050861826,0.1802746385505407,0.15299407961746864,0.28332515285823057,0.13695232846514183
94,0.03238202882170104,0.05917178443560472,0.04996166166265155,0.43836879071795953,0.42011573436208316
95,0.2535744560610342,0.12803637786626443,0.20568905934911558,0.1390710077982621,0.2736290989253237
96,0.2500706414241311,0.03350027803417249,0.27811531319911376,0.4154424529308991,0.022871314411683552
97,0.022322690025430914,0.11744922729459761,0.656599480758947,0.18990581327401435,0.013722788647010153
98,0.14314778185928229,0.18361629511862215,0.05936185685347234,0.20819757126644628,0.40567649490217694
99,0.07420175190731845,0.1580505645574,0.1737242043463808,0.08010779993841854,0.5139156792504822
100,0.14473014975981915,0.13809237340482802,0.3596534640285225,0.07684062895452948,0.28068338385230085
101,0.2432890647075445,0.14281214698169284,0.39468854284651506,0.0521669828574689,0.1670432626067787
102,0.3138174625600452,0.267829009285999,0.04492770104616495,0.12129025256935044,0.2521355745384404
103,0.17807290194970332,0.47039466754423825,0.1190884603886625,0.0741083404673547,0.15833562965004122
104,0.2860129980220401,0.32204117161445317,0.17529695096115883,0.1452793561176965,0.0713695232846514
105,0.06696807007629273,0.14507754645970156,0.43427241975002484,0.2819817708233775,0.07170019289060336
106,0.2531223509465951,0.08390544663002641,0.1224172397766336,0.4991661503017463,0.04138881234499858
107,0.4119242723933314,0.1602068751476522,0.03982189408121495,0.1114418329989092,0.27660512537889226
108,0.33936140152585476,0.3308096604841239,0.053948468406243344,0.14785622047934155,0.12802424910443644
109,0.5983046058208533,0.05679161655975962,0.011285848056953762,0.029016110879600543,0.30460181868283276
110,0.036903079966092114,0.3603171623717554,0.3945620415468911,0.0699427092263113,0.1382750068889501
111,0.11353489686352077,0.18479012095543862,0.3831050782322679,0.24808216627999347,0.07048773766877925
112,0.050353207120655545,0.18040231675675,0.5573981580863083,0.16704058642978303,0.04480573160650314
113,0.21785815202034473,0.04828582517138727,0.09789017435575997,0.0845742805274598,0.5513915679250483
114,0.1688047471037016,0.06376831062972674,0.2578218195344479,0.08794626354226431,0.42165885918985946
115,0.10076292738061599,0.4557588117498189,0.28531390654725985,0.1059736681828729,0.05219068613943234
116,0.031590844871432606,0.2265346006025517,0.37944125676721097,0.2618546259483887,0.10057867181041602
117,0.20226052557219554,0.0971336298091302,0.09174778698793795,0.25840338692255227,0.35045467070818404
118,0.0,0.09069850320741268,0.5921189994606769,0.21649360231951031,0.10068889501240008
119,0.08290477536027126,0.21755851758342087,0.32152176575428015,0.04762089335493491,0.3303940479470928
120,0.15546764622774795,0.06299279568244451,0.1837807533939698,0.3017543957677584,0.29600440892807933
121,0.46380333427521897,0.07742973771337697,0.06250225351834116,0.2867579233219415,0.10950675117112141
122,0.0184797965526985,0.2523683859134455,0.33331403738444293,0.2994475900143897,0.09639019013502337
123,0.3574456061034191,0.47352374528645974,0.05569020037106043,0.11334044823906075,0.0
124,0.041311104831873405,0.3941842622386897,0.2774181868248478,0.18408286385052475,0.10300358225406436
125,0.20734670810963549,0.15929619994453412,0.2179888955744323,0.3101601500776534,0.1052080462937447
126,0.22350946595083357,0.1550008690456026,0.03472338965671218,0.1633438449252479,0.42342243042160377
127,0.2541395874540831,0.24261736194007227,0.20004134302847,0.2334855323224836,0.06971617525489104
128,0.08279174908166148,0.3643572174186949,0.2934059961463885,0.08248168656791477,0.1769633507853403
129,0.6016953941791466,0.3038997590639041,0.019911783790033555,0.006209789337816796,0.06828327362909892
130,0.4124894037863803,0.17931387490214434,0.1185489091449865,0.27823971076114307,0.01140810140534576
131,0.5749081661486296,0.09248313819919651,0.09418820472367873,0.1193243211847641,0.11909616974373105
132,0.01927098050296694,0.23019445071584987,0.5396487630181095,0.1931949818446389,0.017690823918434795
133,0.19773947442780448,0.30254562892215986,0.13375972055611884,0.29425498320331345,0.07170019289060336
134,0.03498163322972591,0.02300126056927622,0.15482393651049628,0.364542301682786,0.42265086800771556
135,0.037129132523311674,0.03133130938688077,0.10357797858073607,0.3104085345931167,0.5175530449159548
136,0.015541113308844308,0.09397421099621626,0.3725551132616417,0.18775596089017293,0.3301736015431248
137,0.0,0.08481824661439771,0.7128338344955275,0.10805196959274777,0.09429594929732699
138,0.137722520486013,0.1529047068839086,0.32164598501001446,0.0549078292293228,0.33281895839074116
139,0.2923424696241876,0.20623201362599058,0.25873608238482726,0.08953429520820222,0.15315513915679235
140,0.004012432890647077,0.08625841529181906,0.11741325000323291,0.5752313055067784,0.21708459630752253
141,0.885052274653857,0.05005107531050501,0.06489665003563794,0.0,0.0
142,0.11455213337100875,0.3580423071136669,0.18044718171383023,0.12193771095112216,0.22502066685037192
143,0.18168974286521616,0.09771154009985866,0.27235965620248126,0.056340466178269266,0.39189859465417465
144,0.3556371856456626,0.06617322062661113,0.40028137601161107,0.09893329349456659,0.07897492422154861
145,0.06866346425543939,0.03785827487499538,0.3925177485963529,0.09715781180476374,0.40380270046844857
146,0.10166713760949421,0.20938061720162482,0.24327455041833668,0.31897612408991605,0.12670157068062826
147,0.05713478383724215,0.12144682699668513,0.19228285021196392,0.3546246544129129,0.2745108845411959
148,0.45860412545916923,0.40753985173256285,0.05701504095127752,0.07193604936870168,0.004904932488288716
149,0.0642554393896581,0.06749794621262274,0.043486742466022243,0.11475711635164731,0.7100027555800497
150,0.16677027408872563,0.09766308300322019,0.09095618399663474,0.4084572486606617,0.23615321025075775
151,0.28149194687764906,0.23162280722071166,0.17205066745980369,0.2269315748595816,0.087903003582254
152,0.010680983328623904,0.2724622811047332,0.29508512404049564,0.4017661003660481,0.020005511160099188
153,0.12596778751059623,0.2768119701515563,0.053463572113727986,0.16155771734453833,0.38219895287958117
154,0.515456343599887,0.11109390586554424,0.08166746664983027,0.09365607831846678,0.1981262055662717
155,0.004916643119525289,0.06354379879066716,0.2525641045145674,0.2359332932004814,0.44304216037475874
156,0.05238768013563153,0.09561659641461792,0.4153895334817676,0.11051084689826685,0.3260953430697161
157,0.26691155693698787,0.13137782296322592,0.20971488904322272,0.17634403637483298,0.2156516946817305
158,0.15422435716304042,0.2930315230935526,0.3236085807892981,0.09725347778023186,0.13188206117387702
159,0.30104549307714046,0.3498810928102437,0.16305420386715153,0.038816123995808804,0.1472030862496555
160,0.6001130262786097,0.07700742988675024,0.029709853333039216,0.12722865991466226,0.16594103058693854
161,0.43147781859282286,0.17967684997453293,0.2435945310057499,0.062197617731937105,0.0830531826949572
162,0.6830743147781859,0.18627707510064517,0.10161979475297256,0.013211785883489813,0.015817029484706535
163,0.23628143543373836,0.038950211038107696,0.18528062674053392,0.47517248842994586,0.06431523835767416
164,0.058378072901949705,0.17408807107524202,0.41641325837072724,0.14175162548343956,0.20936897216864148
165,0.7632099463125176,0.035899105718843805,0.10078422438272616,0.058277018432977834,0.041829705152934604
166,0.12913252331166997,0.20233575894064648,0.4737611734573954,0.10664709430406616,0.08812344998622201
167,0.13467081096354902,0.3200690322296085,0.1321331557396066,0.26823860205924477,0.1448883990079911
168,0.041085052274653845,0.05763198265050653,0.35240356272692075,0.4454349272859184,0.1034444750620005
169,0.15105962136196668,0.028484213278090337,0.22141667763315542,0.20240129538730006,0.3966381923394875
170,0.3090703588584346,0.1725048371501185,0.04051658627533167,0.1766130950928031,0.30129512262331215
171,0.21005933879627015,0.4165978244253977,0.10258509931835358,0.15485804057378405,0.1158996968861945
172,0.5924272393331449,0.0990196601679243,0.11581030434097994,0.1525664390347765,0.040176357123174355
173,0.19107092398982764,0.1562205941855109,0.2279486098929645,0.16920737813175202,0.25555249379994494
174,0.02831308279174908,0.07190074472072419,0.2627530881758938,0.55684570486826,0.08018737944337295
175,0.1309409437694264,0.29311465138381665,0.358868631100759,0.21470597490334165,0.002369798842656312
176,0.10031082226617688,0.20410827965827072,0.15086371557822048,0.45494038448134966,0.08977679801598226
177,0.4855043797682961,0.07743218473633695,0.10269844083154622,0.24282462541609418,0.09154036924772657
178,0.5751342187058491,0.02554290175031626,0.06933355190242596,0.09008852852319427,0.23990079911821438
179,0.005481774512574173,0.18058379925791762,0.563027275749252,0.16046901325236973,0.0904381372278864
180,0.40525572195535464,0.1491277420503475,0.055221658726421596,0.21089639283690365,0.1794984844309726
181,0.3557502119242724,0.0237223468782935,0.07559681152827724,0.27097086113788105,0.2739597685312758
182,0.18926250353207122,0.3474801906945859,0.2217418308533856,0.02520244102632274,0.21631303389363454
183,0.12675897146086462,0.3903115916182515,0.2153734070382799,0.13699664713253512,0.13055938275006884
184,0.04538005086182538,0.05900341314387669,0.1963636010956854,0.09837114928274032,0.6008817856158721
185,0.25775642836959595,0.1393569002120149,0.276099051354355,0.17638806095684212,0.15039955910719205
186,0.06934162192709804,0.1478358549082548,0.2954159063023206,0.06861356092405158,0.418793055938275
187,0.264311952528963,0.30065597334416605,0.3112327144683864,0.11933531997813185,0.004464039680352694
188,0.11873410567957049,0.05257736973026558,0.39400335916860574,0.09525281491177595,0.33943235050978227
189,0.2117547329754168,0.07181618648288679,0.33990826944244346,0.23615156337260657,0.14036924772664638
190,0.1196383159084487,0.11079646670024695,0.3609206069323929,0.3902924473285726,0.018352163130338828
191,0.11217858152020344,0.23297466153040236,0.44566852856092043,0.10264750367092079,0.10653072471755298
192,0.039728736931336536,0.39801181902019583,0.32415912387770995,0.21886637142454657,0.019233948746211094
193,0.42288782141847975,0.024688800106823172,0.13364002735409947,0.3665926649811653,0.05219068613943234
194,0.4803051709522464,0.4220825696037052,0.0665648125904238,0.0,0.031047446853624594
195,0.04752755015541114,0.24267202218956388,0.12506190044051063,0.06145387579539058,0.5232846514191238
196,0.570161062447019,0.03233359186516915,0.1589781311734042,0.19030456364639992,0.0482226508680077
197,0.08527832721107656,0.6228471182629078,0.1347774360628352,0.15384553400465184,0.003251584458528578
198,0.1674484317603843,0.10286518192457653,0.29073227745698155,0.34895686443810725,0.08999724441995038
199,0.136705283978525,0.10794902820964322,0.07658368140841668,0.40193643462055484,0.27682557178286027
200,0.49499858717151735,0.24798074283561033,0.17665780980076995,0.06807297317088445,0.012289887021217916
201,0.3477253461429783,0.13117700595965892,0.279048555047843,0.1063092196062021,0.1357398732433177
202,0.30579259677875104,0.20358017585132737,0.18080865746597274,0.2593914549962608,0.05042711490768803
203,0.23515117264764057,0.26417170689619407,0.07431639473578117,0.3462835694789954,0.08007715624138878
204,0.05397004803616841,0.2586814131185002,0.2634424556009344,0.1706682766861165,0.25323780655828054
205,0.0953376660073467,0.3673137951473219,0.3807850383117135,0.04617496374662422,0.11038853678699367
206,0.5011020062164453,0.06129998950700444,0.13183493063727603,0.038747366832991514,0.2670157068062827
207,0.2077988132240746,0.1948740306818413,0.12977112621148007,0.18874644046403144,0.2788095894185726
208,0.12766318168974286,0.026114437697284942,0.29947744998330306,0.13919464129376402,0.4075502893359051
209,0.22452670245832157,0.12223024693583379,0.25110857888759486,0.2790702667030942,0.12306420501515558
210,0.1537722520486013,0.032507149234363764,0.3759404493040146,0.16503283610356878,0.27274731330945157
211,0.044475840632947156,0.32248780868993243,0.1647332556931289,0.1387908326527708,0.32951226233122066
212,0.4017519073184515,0.1841711147770581,0.12421571856617664,0.09691554426529092,0.19294571507302283
213,0.0029951963831590838,0.1490718029040825,0.527442072217561,0.13118257908764708,0.18930834940755026
214,0.3864933597061317,0.482964943928936,0.09927168569257372,0.0005728489198096876,0.030697161752548885
215,0.30454930771404354,0.20792396384689726,0.20225458329498236,0.11657553450753799,0.16869661063653885
216,0.10008476970895731,0.23747759664884738,0.05646111283109606,0.4141330377579166,0.19184348305318266
217,0.25662616558349816,0.06543370611999438,0.42895400236267617,0.11049067264091317,0.13849545329291812
218,0.1533201469341622,0.48734271835450504,0.15229337804110865,0.0207114337162424,0.18633232295398172
219,0.03938965809550721,0.14924184582466385,0.06419667110650981,0.3796325579576124,0.3675392670157067
220,0.25221814071771687,0.32611400468499163,0.3367158802109521,0.05998641913695946,0.024965555249379934
221,0.2894037863803334,0.2982298558149625,0.08910061607578201,0.25906072657323187,0.06420501515569021
222,0.17456908731280021,0.1671629155382333,0.032547612944057225,0.14751702239724873,0.47820336180766054
223,0.12777620796835262,0.2442123878976488,0.1288651928212985,0.2351065309599859,0.2640396803527142
224,0.04187623622492229,0.1011030937822053,0.12500359421912643,0.506775962519406,0.22524111325433993
225,0.08573043232551568,0.14908781428888201,0.18257769788933764,0.2538633555789322,0.32874069991733246
226,0.0,0.01714183891660727,0.31039284624881425,0.5263644606047632,0.14610085422981534
227,0.08731280022605255,0.0062723743997493,0.06415228535285342,0.4358144827052798,0.4064480573160649
228,0.08765187906188188,0.11840656712486083,0.1182745314013042,0.14389518444006,0.5317718379718931
229,0.1410002825656965,0.17443093625112457,0.26247699889929416,0.19751200824144888,0.2245797740424359
230,0.13150607516247526,0.1577312733763701,0.5452343697108879,0.10352773063425702,0.06200055111600977
231,0.1216727889234247,0.06460661235954035,0.02268537993368383,0.2109856183424583,0.5800496004408928
232,0.3109918055948008,0.19421133054204875,0.187432936435189,0.2381988681829904,0.06916505924497107
233,0.10042384854478666,0.48432312223212,0.15591471545575075,0.09879822007762096,0.16054009368972166
234,0.12201186775925403,0.4989788663818722,0.32842228613635505,0.05058697972251869,0.0
235,0.01011585193557502,0.05064679952557964,0.22611034747160952,0.19943176822072162,0.5136952328465142
236,0.2922294433455778,0.36104924517901243,0.10808737337508956,0.0720315683014775,0.1666023697988427
237,0.0,0.1071632216678546,0.23040348057334076,0.2988620660145225,0.3635712317442822
238,0.10969200339078836,0.43004427601049466,0.1310214580586957,0.1375090026888227,0.1917332598511986
239,0.1690307996609212,0.15623648472967042,0.2189162801771779,0.36934633347576873,0.08647010195646176
240,0.038259395309409444,0.2532231421104052,0.12591340708392068,0.28957567302175385,0.2930283824745108
241,0.14213054535179429,0.26353588372874737,0.08013933399309775,0.2627200015998244,0.25147423532653623
242,0.1918621079400961,0.08208657345691031,0.09392751924333514,0.2521293105197576,0.37999448883990083
243,0.06640293868324385,0.004944174645337751,0.00015768923278447478,0.09581401805037268,0.8326811793882613
244,0.0066120372986719425,0.1986980125944143,0.28465793303113995,0.25392840726590893,0.2561036098098649
245,0.1636055382876519,0.05121983591049492,0.16809885205585537,0.3306607833905281,0.2864149903554697
246,0.10370161062447018,0.45367543855585774,0.07026435957100607,0.12099457912411382,0.25136401212455217
247,0.07329754167844023,0.1622691012296139,0.22313132934381352,0.4787503606222024,0.06255166712592997
248,0.35710652726758974,0.2629219830674068,0.054998170561481596,0.14525438826858128,0.17971893083494062
249,0.4428934727324103,0.14506091073159544,0.1450232045829526,0.23301855414097228,0.03400385781206938
250,0.05340491664311953,0.2773149693155405,0.17514991126652674,0.4166984033810409,0.07743179939377232
251,0.006838089855891494,0.1256636920400458,0.6116817826718322,0.13451580164881916,0.12130063378341138
252,0.028652161627578412,0.174840354409485,0.1829535885520508,0.13766522084488964,0.47588867456599615
253,0.4026561175473298,0.17578294161161534,0.17940512440562262,0.2330624022717508,0.00909341416368148
254,0.22554393896580954,0.15446318861793956,0.11220205064463934,0.2998547512287623,0.20793607054284924
255,0.44775360271263065,0.21910313285401228,0.025565889833570443,0.18451316958463104,0.12306420501515558
256,0.3565413958745408,0.059495667560954535,0.24084660785586004,0.10045994954082982,0.2426563791678148
257,0.10415371573890929,0.014663105358738604,0.04831231444130622,0.37031919733511587,0.46255166712593
258,0.2560610341904493,0.057659564526585605,0.31520149306524897,0.08686738190192678,0.28421052631578936
259,0.08550437976829613,0.07907152899863189,0.40137926732698875,0.24076843922710833,0.1932763846789749
260,0.1307148912122068,0.30713257849556225,0.3228782506764359,0.047100126956660326,0.19217415265913473
261,0.5235942356597909,0.15277782421191266,0.06983925282840309,0.09159524558041143,0.1621934417194819
262,0.11805594800791183,0.0989077013149677,0.6796211959279208,0.10291915034027166,0.0004960044089280524
263,0.8003955919751342,0.11931217709115238,0.018285827518558673,0.045748481122512175,0.016257922292642557
264,0.06968070076292737,0.14065429567328075,0.2522050249085091,0.257107264408934,0.2803527142463488
265,0.18768013563153432,0.15832841746896462,0.32037351733706776,0.1821161384354011,0.15150179112703221
266,0.27233681831025713,0.06672234063486043,0.28708811960344166,0.08798884710589105,0.2858638743455497
267,0.13727041537157386,0.3717816159897947,0.06960325145613411,0.18750619417340397,0.23383852300909336
268,0.06753320146934162,0.07886736873735829,0.23748416832051464,0.12038641054966609,0.49572885092311936
269,0.18236790053687485,0.06474542804473601,0.46494643662650026,0.10359192947361939,0.1843483053182695
270,0.4642554393896581,0.292408851415759,0.09819163235360107,0.1158798167142252,0.029264260126756647
271,0.43961571065272675,0.09103289946844217,0.13285192349676056,0.07653804450276491,0.2599614218793056
272,0.05159649618536309,0.3070278801510588,0.43582599719612874,0.13186541594113355,0.0736842105263158
273,0.01474992935857587,0.15592006351384038,0.2737270188671782,0.40740789319289383,0.14819509506751172
274,0.1877931619101441,0.14763092932292782,0.4103603271233849,0.07085928514312989,0.1833562965004133
275,0.15558067250635774,0.08148276298900933,0.39804862426984106,0.22870717418353814,0.13618076605125373
276,0.4023170387115004,0.19622180661993238,0.2028485612854296,0.1899600720273924,0.008652521355745235
277,0.12009042102288782,0.22698726963997745,0.3679703349507953,0.187790221837428,0.09716175254891146
278,0.23017801638881039,0.17538149893549468,0.19988338755723173,0.33277699240642145,0.06178010471204176
279,0.16823961571065274,0.2336848319016067,0.07000724929275665,0.12658028986819975,0.4014880132267842
280,0.3835546764622774,0.03301695575440111,0.13113381068620306,0.16731246836744085,0.28498208872967756
281,0.18315908448714324,0.1333412718920442,0.41380914201995883,0.07894925056751134,0.19074125103334238
282,0.04639728736931337,0.4174302251039582,0.31450759958649366,0.1278098314508438,0.09385505648939096
283,0.5433738344165018,0.12016857470680542,0.1617510807379522,0.07335627591443639,0.10135023422430423
284,0.09692003390788358,0.05504005162312141,0.17087876185426715,0.5866127921848574,0.09054836042987047
285,0.1162475275501554,0.30780806760308765,0.23944493846468645,0.12305223574002033,0.21344723064205018
286,0.057247810115851935,0.02457685132391997,0.19106754773845652,0.4691303865781783,0.2579774042435933
287,0.47487990957897713,0.15391552876742348,0.13075632259276704,0.08740332310602394,0.1530449159548084
288,0.06007346708109636,0.07531498623323006,0.07218892128546014,0.5978235622974304,0.19459906310278308
289,0.2652161627578412,0.012153758838737538,0.03319571340875749,0.03895213848598367,0.65048222650868
290,0.08866911556936986,0.225372224416375,0.1061294177517152,0.27302295954002687,0.3068062827225131
291,0.09771121785815201,0.06932370730221862,0.28643359138178515,0.47912999544461754,0.06740148801322665
292,0.08098332862390505,0.03291545968685761,0.04757399717482967,0.4103651864074912,0.4281620281069165
293,0.18858434586041253,0.11882834123866085,0.43538347085183376,0.16930083846683885,0.087903003582254
294,0.10098897993783554,0.5516482260493348,0.20211199358593535,0.13130756537591615,0.013943235050978164
295,0.0,0.03435495367070563,0.12605059595576182,0.38012903290315503,0.4594654174703775
296,0.2456626165583498,0.3388705267060836,0.13158211820835208,0.10835428936766645,0.17553044915954807
297,0.23074314778185928,0.11216490638777721,0.03692118809290357,0.1992834609614887,0.42088729677597125
298,0.13252331166996326,0.23583021648399252,0.4780712317179759,0.13103459532233674,0.02254064480573159
299,0.04797965526985024,0.11403032334739852,0.3315866062280021,0.1131821420767663,0.3932212730779828
300,0.12427239333144956,0.07141541850033946,0.3412385488939314,0.44295790491219633,0.02011573436208325
301,0.20113026278609775,0.117615282474059,0.11775392112191374,0.3967879406171029,0.16671259300082664
302,0.29166431195252895,0.03681038512516166,0.22862242138548983,0.32546005982284887,0.11744282171397069
303,0.1586323820288217,0.16749021241166293,0.23887206938021976,0.08719602231872792,0.3478093138605677
304,0.14043515117264763,0.4118100377083218,0.24284552616705624,0.13287842245541892,0.07203086249655544
305,0.09364227182820005,0.11754803465790116,0.21100819938369597,0.5176747374479211,0.060126756682281624
306,0.12291607798813224,0.547682639046793,0.20517502896294038,0.0909939586039531,0.03323229539818129
307,0.00016953941791466608,0.18803430947730984,0.16441087895963147,0.3271317587805808,0.3202535133645632
308,0.19480079118395027,0.06300391302132413,0.4455037269580126,0.07023800036054884,0.22645356847616416
309,0.17389092964114158,0.28223879238309213,0.18986814350404801,0.31007818848108726,0.043923945990630986
310,0.1166996326645945,0.03333600525415105,0.07258976229470165,0.5076033129306697,0.26977128685588303
311,0.027408872562870862,0.49233453442216124,0.10875179045360184,0.06535985905075714,0.30614494351060895
312,0.29855891494772535,0.4006926887586182,0.276095247947872,0.02465314834578447,0.0
313,0.037694263916360556,0.1810869192625418,0.09669373677840817,0.2303503762675448,0.4541747037751447
314,0.15546764622774795,0.14670626681573035,0.09078233028629756,0.5492316872296069,0.05781206944061723
315,0.22543091268719978,0.23005732679961416,0.23405284909376245,0.29750768518630166,0.012951226233121949
316,0.292681548460017,0.013875828589163364,0.08501145966373325,0.47236062043781674,0.13607054284926967
317,0.2403503814636903,0.5544821203182058,0.055861201526535065,0.10174498503546536,0.047561311656103555
318,0.008985589149477252,0.11335938590397962,0.43859419250257303,0.08629147449412167,0.35276935794984843
319,0.4153150607516247,0.07224730560617998,0.04584211603280364,0.13609124646031479,0.3305042711490769
320,0.33811811246114726,0.0524734769900288,0.3285119324271591,0.2356498537072257,0.04524662441443916
321,0.07736648770839219,0.18054513025311889,0.6330168772359276,0.05159010496789618,0.05748139983466516
322,0.2747103701610624,0.1793879904946753,0.2090820022044544,0.30601225218527506,0.030807384954532835
323,0.2266742017519073,0.06822957586747971,0.37649430135606654,0.3127848915398399,0.015817029484706535
324,0.18225487425826503,0.35042509723140003,0.25408630385718656,0.17856852762917486,0.034665197023973526
325,0.337213902232269,0.07828859242204317,0.18983368464131217,0.04883852447952042,0.34582529622485525
326,0.012828482622209666,0.297150134626543,0.17369267410663697,0.3232727703696036,0.19305593827500678
327,0.15637185645662616,0.06411994682206235,0.07758717217488675,0.11294334474482653,0.5889776798015982
328,0.18666289912404635,0.2213556325937013,0.1695695152406302,0.05266822198623511,0.36974373105538705
329,0.4150890081944052,0.04595874661671384,0.050158221709692086,0.12742725577458713,0.36136676770460174
330,0.23741169821983613,0.09084917134538126,0.09948726277202924,0.2209154113386972,0.3513364563240562
331,0.036677027408872555,0.35829802604800554,0.3325596317085434,0.16053365321980861,0.11193166161476986
332,0.12981068098332862,0.03658276163962218,0.21407614115506418,0.45899032253226335,0.16054009368972166
333,0.15026843741169824,0.0821977065654935,0.37329692966208256,0.11741135457786545,0.27682557178286027
334,0.10132805877366487,0.36795205526767516,0.30873482726068774,0.11071473629510642,0.11127032240286583
335,0.4018649335970613,0.1486696351841219,0.2936489957865862,0.024595713470257574,0.13122072196197299
336,0.6074597343882452,0.11798573959607417,0.09376477147992823,0.08638358203644125,0.09440617249931116
337,0.39169256852218143,0.09704584915422626,0.12385496546126573,0.33268079707726184,0.054725819785064744
338,0.40401243289064703,0.05895976953273141,0.02454113802486063,0.25219456806650337,0.26029209148525756
339,0.47668833003673355,0.08999021593618167,0.1126170783600624,0.3047771229803319,0.015927252686690485
340,0.03000847697089573,0.16706921369196953,0.07175902225068867,0.1298406086626378,0.6013226784238083
341,0.1723085617406047,0.4832153156649549,0.18278988993702316,0.01734894965934608,0.14433728299807114
342,0.008985589149477252,0.20199088982415067,0.11591786467631876,0.33290174342638296,0.34020391292367036
343,0.40661203729867196,0.04299594559512704,0.1495382284189012,0.12634290414610394,0.2745108845411959
344,0.015993218423283412,0.226843559908862,0.45641615656646717,0.25461865507107606,0.04612841003031132
345,0.14269567674484318,0.17519455846542054,0.0825366591333862,0.3868974374281881,0.21267566822816197
346,0.0,0.05285103349964362,0.31289069542244824,0.33285292525261195,0.3014053458252962
347,0.02458321559762645,0.13133267891413408,0.38431889737724695,0.1515260237626873,0.3082391843483052
348,0.19909578977112177,0.4086376385966616,0.14285355135473532,0.1870817995555194,0.062331220721961955
349,0.15399830460582087,0.15758401898648133,0.06653934129563799,0.3301726310613572,0.2917057040507026
350,0.017462560045210514,0.19094798877873814,0.1428167724140449,0.4452455362985179,0.20352714246348858
351,0.334162192709805,0.09363538391172027,0.10144468591849609,0.32068884795873864,0.15006888950123998
352,0.3410567957050014,0.1438327267468874,0.04616704104864472,0.3527130700073199,0.11623036649214658
353,0.021418479796552696,0.34618665206374666,0.3387982832944498,0.10957894913293353,0.18401763571231733
354,0.23967222379203165,0.049672038503050325,0.06657889672306105,0.07780514078896639,0.5662717001928905
355,0.020740322124894038,0.10352910054082229,0.7187401824570159,0.11427890410846098,0.04271149076880676
356,0.03204294998587171,0.2822122175123464,0.19289531275791855,0.11318570050991472,0.37966381923394865
357,0.026278609776773095,0.10451255201937798,0.44658343799040173,0.24323713898445853,0.17938826122898865
358,0.1001977959875671,0.07464183337807793,0.11267371108259402,0.6676809279452578,0.04480573160650314
359,0.18282000565131393,0.03478512620898541,0.131380994073532,0.1558361391529695,0.49517773491319916
360,0.0,0.004846756949394156,0.11767191967814052,0.5086193779329503,0.368861945439515
361,0.0,0.12523164647184604,0.5852272649475777,0.2442944641661371,0.04524662441443916
362,0.018705849109918054,0.06643313877318957,0.4919154411457077,0.29238618822111584,0.13055938275006884
363,0.187341056795705,0.11568816629766632,0.12802734040716235,0.39572767458158276,0.17321576191788357
364,0.08968635207685785,0.13379903637645646,0.11354769585831856,0.3978250033158128,0.26514191237255436
365,0.16530093246679856,0.22796350089029338,0.03330973953511723,0.14625580781873054,0.4271700192890603
366,0.09748516530093246,0.43487406492002256,0.31993532687616355,0.03158529961271894,0.11612014329016251
367,0.2895168126589432,0.10278539689201904,0.1717319419965298,0.2015762094334944,0.23438963901901355
368,0.30341904492794575,0.10866220952679412,0.1983776569646838,0.2541318849432108,0.13540920363736553
369,0.32150324950551007,0.16381392797132532,0.1629218833556086,0.18637102459053767,0.16538991457701835
370,0.12483752472449845,0.175518854462957,0.30220498687444425,0.21782992630514364,0.17960870763295667
371,0.47827069793727045,0.048315189446906326,0.23264570279725327,0.05487697967252425,0.1858914301460457
372,0.10110200621644533,0.6543862332703687,0.11889809989418909,0.09348359724065569,0.03213006337834112
373,0.3896580955072054,0.02616514041581669,0.16742116108871746,0.3187120648234768,0.09804353816478362
374,0.23503814636903078,0.15726406318193145,0.526587865155548,0.06231686935521463,0.01879305593827507
375,0.4200621644532354,0.3565949987684325,0.07670462973457548,0.10833564435431053,0.038302562689446096
376,0.09070358858434587,0.3914061762053904,0.2888614198420673,0.10387036951534445,0.12515844585285196
377,0.09612884995761514,0.08940215503169346,0.38330570792424523,0.09492740943420042,0.3362358776522457
378,0.1128567391918621,0.22716464355938523,0.4533617549221785,0.1601577826903109,0.04645907963626328
379,0.2044080248657813,0.11968320820620726,0.4420773901937532,0.14725105157581242,0.08658032515844583
380,0.09940661203729867,0.3985263886754597,0.05073295446333559,0.2937699775877529,0.15756406723615313
381,0.0,0.02900926585887384,0.22264494972276969,0.23773680122739477,0.5106089831909617
382,0.12359423565979089,0.3789360565711428,0.08647717842008018,0.15103110746968051,0.2599614218793056
383,0.27301497598191576,0.11704204468807711,0.28262174133641055,0.25991974998036993,0.06740148801322665
384,0.3112178581520203,0.11518983963842871,0.25769048790859056,0.06685248941807265,0.24904932488288778
385,0.17151737779033624,0.056779129693626695,0.18376325772414806,0.07777214440886332,0.5101680903830257
386,0.3056795705001413,0.14371458488118444,0.19020029499220686,0.2532134856970103,0.10719206392945713
387,0.12438541961005933,0.3552653287862343,0.10562139674778326,0.2846093649137903,0.13011848994213282
388,0.15433738344165018,0.5281287605355417,0.08551678024906217,0.16417469495258308,0.0678423808211629
389,0.4046905905623058,0.03925096325095151,0.27196026048770316,0.1515547853132584,0.13254340038578116
390,0.3461429782424414,0.15980855418806467,0.19949137045103071,0.1881365956028943,0.10642050151556892
391,0.37767730997456905,0.3750311718500925,0.12808127271109082,0.06459464888116695,0.05461559658308068
392,0.3421870584910992,0.04359341192942823,0.39522273128705,0.12910977707445626,0.08988702121796632
393,0.1264198926250353,0.03708687857952636,0.13809408258412562,0.40393786211100957,0.29446128410030314
