id,0,1,2,3,4
0,0.4265607185910124,0.29032818712443526,0.052700877348379714,0.21940164307405677,0.011008573862115845
1,0.22699273908811232,0.08019926700286437,0.13535852556421707,0.4552919993808873,0.10215746896391886
2,0.114301407917891,0.13485336158149736,0.22883083991042474,0.05285192153157295,0.4691624690586139
3,0.1587099329615999,0.2793106978805333,0.1520857950693524,0.0076922511165136345,0.40220132297200073
4,0.31418397141051124,0.35859988727517544,0.08769167760447659,0.196172561486595,0.0433519022232417
5,0.0038794149040791755,0.4269246726536161,0.22359773487875365,0.17353134764023673,0.17206682992331435
6,0.6133683480847772,0.09021223750698272,0.15804524773151712,0.08359604140775717,0.05477812526896564
7,0.17819124653555696,0.27415807976287043,0.2824906104487329,0.22549735693933026,0.03966270631350943
8,0.43937222761943473,0.14507731925676495,0.14450342135887295,0.18117444313396636,0.08987258863096104
9,0.2134139815598181,0.049078395584213494,0.07553107730933564,0.015570510551673031,0.6464060349949597
10,0.05717827092615272,0.3058242974810109,0.2254105790244807,0.27990476444419904,0.13168208812415672
11,0.3413508504006363,0.013575831674422875,0.39860787266564346,0.06549043075410822,0.18097501450518916
12,0.07922927853957301,0.04073059648168953,0.056021913803095444,0.5529361563419277,0.2710820548337143
13,0.4963368189340712,0.06890238244636153,0.26697647616040093,0.11113898497272441,0.05664533748644196
14,0.19055534053677525,0.03186584287492894,0.12424157614178513,0.4194497423494687,0.233887498097042
15,0.10313623745560975,0.3932283785061637,0.06240825979276704,0.3001609783660873,0.14106614587937227
16,0.37509462936718235,0.3343659927547768,0.11297054466332758,0.016869306523404463,0.16069952669130882
17,0.026810762236328455,0.24600656385179223,0.3979481438298496,0.15001514315112935,0.17921938693090023
18,0.09451701640706588,0.06921859144887152,0.7796361405205668,0.005182989353861779,0.05144526226963397
19,0.08770371558343285,0.16818448537416805,0.4323900194630783,0.028120180739236257,0.2836015988400845
20,0.7729200229122098,0.0,0.0023971821893806417,0.06414409780112872,0.16053869709728075
21,0.09546637718860494,0.11784545631784567,0.47768272356723496,0.05326877236279899,0.25573667056351546
22,0.33572422108378963,0.30993218125100624,0.08443601031094794,0.116169150667781,0.15373843668647513
23,0.2562871728447858,0.0790843478277717,0.0406266921778346,0.07577762502201912,0.5482241621275887
24,0.05987422328035518,0.09637492266157734,0.5282920604930145,0.2170124905931374,0.09844630297191559
25,0.029578833819894457,0.22117336217659314,0.2101685430143084,0.2371295495306757,0.30194971145852834
26,0.12058670389846886,0.07140253658794278,0.2471468054550958,0.40096290178323357,0.15990105227525897
27,0.03864367307865094,0.2427657082040288,0.21819977183152237,0.4036642518840833,0.09672659500171465
28,0.5286921702090351,0.02415676970857211,0.06168569801021365,0.08495255531247814,0.30051280675970105
29,0.14391550283626958,0.2152253514174086,0.1067722193946327,0.3104211287457922,0.2236657976058969
30,0.21464233451532175,0.12939435959984438,0.18118239952422152,0.21397734877203564,0.26080355758857665
31,0.10530851980708134,0.17599326506809188,0.013528567784109198,0.4682862163326759,0.23688343100804166
32,0.7814459463429515,0.005359411591033644,0.1324608652124321,0.05030442458055262,0.03042935227303012
33,0.48222804856131624,0.025441467943792345,0.4623689347602646,0.0035762745405501545,0.026385274194076547
34,0.011437898282695754,0.009319126978884014,0.1690517006956182,0.2288227930649468,0.5813684809778552
35,0.02528578090735997,0.02983623759601383,0.2398967441895581,0.27271430203757957,0.43226693526948856
36,0.16111397743588274,0.21334457347213312,0.10730359434460889,0.24429146780753438,0.27394638693984086
37,0.3895458331559502,0.27782864110135547,0.08366024193334445,0.08537512506594087,0.163590158743409
38,0.3606790911027531,0.0984729342219438,0.28015557958115556,0.24170544918066936,0.01898694591347816
39,0.013962094153747905,0.008099424609249402,0.7924314593461538,0.04531735968477299,0.14018966220607587
40,0.035111562141550035,0.030304393578593256,0.17228647127714466,0.020085930128077037,0.742211642874635
41,0.06435740070066154,0.5178662665166177,0.04581119968463887,0.27735831833875496,0.09460681475932686
42,0.15548007885357662,0.4996987408778653,0.03441592473953946,0.11991995911190398,0.19048529641711465
43,0.3318582992207453,0.05355681680594946,6.922168280750153e-05,0.021969586082961175,0.5925460762075365
44,0.08142400025112478,0.18986606187484079,0.3374054298949213,0.2025488324022782,0.18875567557683492
45,0.3559672378091928,0.017851008472194136,0.12322250976824768,0.09100535031214459,0.41195389363822077
46,0.00579879605833758,0.06312191870233952,0.058805004607778294,0.3307015232720492,0.5415727573594954
47,0.23428840743447965,0.5347574450555643,0.15899057477646453,0.022099806896100655,0.04986376583739083
48,0.10078965260588088,0.14946185233195547,0.06950541076322325,0.2175933427972182,0.4626497415017222
49,0.23691130058595122,0.3916629761931536,0.044730827762894776,0.05258591704444257,0.27410897841355786
50,0.4257547718068877,0.13523872071626403,0.11533202616265256,0.2543882438435407,0.0692862374706551
51,0.3812622996814956,0.007511305971978516,0.19228610648956027,0.15027792003135568,0.2686623678256099
52,0.5058119083210292,0.0979585299071091,0.031412781608437246,0.13767070947461973,0.22714607068880488
53,0.393731566344474,0.024321927632463335,0.3987551573068891,0.0567269013860798,0.12646444733009377
54,0.02239475514579549,0.313694780761738,0.335061430959322,0.1074626798539672,0.22138635327917733
55,0.08890229621415503,0.5432411956219956,0.2816819874876657,0.011706820177242587,0.07446770049894114
56,0.1917753573573178,0.3140218887219304,0.3176259079776035,0.12502925176839838,0.05154759417474997
57,0.10183636941692163,0.1423240364422475,0.3292267715260687,0.1977215034352352,0.22889131917952688
58,0.3562618796440292,0.03429745592116395,0.02536367827199636,0.3396871404992848,0.24438984566352562
59,0.46261143547116595,0.0914635798846511,0.2237643710976189,0.005887076038010898,0.21627353750855316
60,0.33656359210565134,0.024883378569004178,0.30925105193628355,0.2541324251182009,0.07516955227085997
61,0.32734912023662643,0.11475243049802271,0.13136348501807238,0.3990386019670054,0.02749636228027308
62,0.14767494381664434,0.24462849697443242,0.13005213108261615,0.009371506499530145,0.4682729216267769
63,0.2843238646751317,0.20170871892100176,0.4555970575761931,0.04453115254294944,0.013839206284723904
64,0.031437379164017176,0.12467685594186734,0.1505376785798288,0.3432922359711072,0.35005585034317943
65,0.01857949825095568,0.17924597347274412,0.25238446624418165,0.13697211775592646,0.4128179442761921
66,0.026722814364670975,0.3344746016991592,0.042638782498498395,0.0628073975585519,0.5333564038791194
67,0.013851106734853886,0.04692290330591863,0.10103168366767719,0.4236594151243919,0.41453489116715836
68,0.46714930353227346,0.12071934095024148,0.2813716435771435,0.026931593087136683,0.10382811885320486
69,0.046849851425754936,0.03870587703615832,0.05562698126657352,0.37936735842801467,0.4794499318434986
70,0.03731694625175797,0.312947359424732,0.08175704520742554,0.2768315711854772,0.29114707793060735
71,0.4099828674024999,0.012926238843752203,0.443181550393166,0.004835288225388328,0.12907405513519354
72,0.033797351304729564,0.4196628912628108,0.12327662743213981,0.27332873461745044,0.14993439538286935
73,0.2008567702321019,0.684930508634315,0.09848025845829315,0.01201730586238062,0.003715156812909348
74,0.06845419989037661,0.12855403086622924,0.3676613527174969,0.06115255297437885,0.3741778635515185
75,0.21569882298945192,0.36504183682555774,0.023849045886611724,0.39013376448839315,0.005276529809985497
76,0.18781778886497486,0.45930998628642183,0.03097086264752135,0.24753238546104178,0.07436897674004017
77,0.15976684670273478,0.37219193695850905,0.27591691935283713,0.12624071307907916,0.0658835839068399
78,0.020030594660197954,0.37027061673941214,0.3269415323624493,0.04054994394768881,0.24220731229025172
79,0.3453295087354609,0.18947432602132488,0.2830931979616946,0.10142105540638202,0.08068191187513751
80,0.13775925993290716,0.2620538048667789,0.20909492118237555,0.3687795810641317,0.022312432953806693
81,0.3096646417154297,0.06257243985216578,0.23318669813710452,0.005454344742329512,0.3891218755529705
82,0.05782749253906453,0.5354398991481484,0.055832987507869865,0.17178417982278907,0.17911544098212817
83,0.5089020524000066,0.1000218915989123,0.05691079469942365,0.2926238128967731,0.041541448404884385
84,0.4482031172900015,0.03502041436216905,0.08269964613254492,0.08991908046503183,0.3441577417502527
85,0.3438587248061508,0.27171806872590515,0.0059245011554234705,0.36257521572799317,0.015923489584527495
86,0.031770688951059,0.38110453055335985,0.11517477087684047,0.1823702822177269,0.2895797274010138
87,0.1650009058041847,0.03529149638833687,0.11141021702650068,0.6071839840604099,0.08111339672056794
88,0.05907377496911524,0.17046498638897437,0.0415847819266872,0.15386343600689978,0.5750130207083235
89,0.05246334125954356,0.2921514303185328,0.31813395762904234,0.3024935343798187,0.03475773641306268
90,0.07258985817588026,0.2481166523472436,0.11891538458916831,0.5062610974410665,0.054117007446641385
91,0.02706392178472397,0.0797997337723293,0.0635326548445551,0.4147846205852572,0.41481906901313437
92,0.10109457452403305,0.16216746648978375,0.5831284624891987,0.14149721730447523,0.012112279192509234
93,0.2391144835501406,0.1868132631139496,0.13687406230051521,0.30774133020324085,0.1294568608321538
94,0.04681128519075133,0.06652807928647234,0.014518298367209461,0.4814662199266676,0.3906761172288993
95,0.25423948984889366,0.11821750484302629,0.2198846406655088,0.12889638362897685,0.2787619810135944
96,0.26376011275882605,0.00400673681087776,0.28615354258392767,0.4439535457849909,0.002126062061377554
97,0.03714433593163323,0.06879922134945139,0.7264712061851367,0.14629753275789964,0.021287703775878963
98,0.14526900518457483,0.1967402948247184,0.03847741634802909,0.22060117074580493,0.3989121128968728
99,0.07799168947403382,0.16038501084054052,0.18653088822745786,0.056097177334189896,0.5189952341237779
100,0.15226952406535063,0.1122934964085047,0.4021852269200263,0.04102615390453797,0.2922255987015804
101,0.24786528749466985,0.11732456570128369,0.4386131843385524,0.013317002626627572,0.1828799598388664
102,0.3000599447593474,0.28895949542274674,0.023737856555806142,0.13009530912025222,0.2571473941418475
103,0.14621481175761042,0.518902298063137,0.08858310926654414,0.07885883381774869,0.1674409470949597
104,0.26729595827450864,0.34386545070034047,0.15814262571871174,0.15410058054496278,0.07659538476147632
105,0.0737538747161147,0.12657002963004757,0.45952633472709936,0.2746710007868018,0.06547876013993648
106,0.2590051917848127,0.07954900938844503,0.09120945595802032,0.5610104597172519,0.009225883151469993
107,0.4064853832045571,0.16172363836014608,0.03196379694165029,0.11622623870391222,0.28360094278973424
108,0.31627928791427307,0.36119220018037745,0.023063924275858343,0.16804634198675802,0.13141824564273308
109,0.5938131326421818,0.04541546188602883,0.01697203844938238,0.026026156836735204,0.31777321018567184
110,0.023376235509000434,0.3726329326017904,0.41199287917783595,0.040931496509000215,0.15106645620237302
111,0.11765838136860456,0.17149606105853482,0.3968113793353675,0.2477028506631578,0.06633132757433535
112,0.057401414818331255,0.1462171649882502,0.6115925564167897,0.13207800053961063,0.052710863237018235
113,0.22929609705207368,0.03652559500018912,0.11322898379511696,0.06383806677385101,0.5571112573787692
114,0.18076822789950384,0.04635467021585815,0.28596778241352533,0.05933160463059646,0.4275777148405162
115,0.07265181248081258,0.4937927774304983,0.2703676307960247,0.10386408147200721,0.05932369782065716
116,0.03384833981010396,0.22152736224788114,0.38758322308536197,0.26098528242748853,0.0960557924291644
117,0.20818521876154691,0.09776815190411346,0.07997217711409102,0.27474200335415244,0.33933244886609615
118,0.010111898717043464,0.05415585888020717,0.650821964895726,0.18380312274581287,0.10110715476121046
119,0.08288909481158013,0.21285866084314084,0.34768818663454437,0.015355536914992553,0.34120852079574204
120,0.16602674468599432,0.05396384548587667,0.1833845338667447,0.3141792186022591,0.2824456573591252
121,0.463226682250952,0.06953459764029882,0.04279596226323875,0.32852960931286085,0.09591314853264965
122,0.01725520677053627,0.25550852501141463,0.3324708001321168,0.3069073650492208,0.08785810303671149
123,0.3202617274192439,0.5231164367450957,0.009870086200165584,0.14053155705197337,0.006220192583521356
124,0.0238001800715891,0.4220420850925826,0.2628416913228443,0.18600082301338258,0.1053152204996014
125,0.20899369398070458,0.15203715781919264,0.2134633119013028,0.3342548591281092,0.09125097717069086
126,0.22322857019124417,0.16678507964288494,0.017440134762520786,0.1714927615053159,0.42105345389803417
127,0.2456154820648249,0.24829410202729635,0.18921115874004363,0.250679715252006,0.06619954191582922
128,0.06479253988916892,0.3844197760168881,0.2989487461648924,0.0631676621830916,0.188671275745959
129,0.5704889017451644,0.3263069544787118,0.0010749925325936867,0.01528059848515801,0.086848552758372
130,0.40581858379026764,0.1781933931566521,0.09893745732401474,0.31340696520365346,0.0036436005254121273
131,0.5665795579465273,0.0824537671511536,0.09277978500585449,0.1323888459678661,0.1257980439285986
132,0.020884977786851475,0.2121504865826009,0.5771796921043025,0.1647948119857864,0.024990031540458646
133,0.18324598825989377,0.32827480554576854,0.0984289387743016,0.32971486027318936,0.06033540714684671
134,0.055474633400227374,0.013644886064375002,0.1517716847735055,0.3771847919508383,0.40192400381105386
135,0.05510212460167242,0.030966457334754338,0.08856692373489834,0.32605032333168865,0.4993141709969863
136,0.02924497960978974,0.07456750797146768,0.4043666221400224,0.1602454872172914,0.33157540306142885
137,0.01763976061781844,0.0274099830277692,0.8029876180697479,0.041926267780575725,0.11003637050408865
138,0.13940618371628566,0.14064426819068854,0.35627642961181694,0.021040798624083645,0.3426323198571253
139,0.2833238284248261,0.20652701915897004,0.271152000174314,0.07406621555593346,0.16493093668595638
140,0.016072465397700735,0.09397434769721273,0.07627671746147678,0.6404288281233729,0.17324764132023684
141,0.8756160981837046,0.018898107803864084,0.08712924482352011,0.01354417258106724,0.00481237660784406
142,0.09884356031469642,0.3872952804180663,0.162225667715617,0.12135670993806563,0.23027878161355453
143,0.18974995249062895,0.07895546028516999,0.30338598857815124,0.023895598932017884,0.40401299971403193
144,0.35959533400754323,0.02828255285586435,0.448914160981143,0.07324479944195059,0.08996315271349886
145,0.08647256104765134,0.005366672837196685,0.4446163377218853,0.05062978754774055,0.4129146408455262
146,0.10094579248726793,0.21597655990910863,0.22791479413652524,0.3428982977901487,0.11226455567694948
147,0.06706503164795333,0.12041162574246227,0.18083544813435268,0.37567659705242934,0.2560112974228024
148,0.41839577604058814,0.44811216975449886,0.02473560131480517,0.0922345230696504,0.016521929820457415
149,0.07642232485394482,0.07328216432697161,0.04430680567783854,0.09399945469397371,0.7119892504472713
150,0.1736829868829316,0.1027156134547574,0.0588833380402022,0.45532978596172674,0.2093882756603821
151,0.27064540068775256,0.2395215182389791,0.1627485712543187,0.24117842164668093,0.08590608817226864
152,0.005808754903453742,0.28629774546730363,0.2762995488886758,0.4308856575814287,0.0007082931591381181
153,0.1184053239095508,0.3041665271829024,0.026379402882251192,0.16928304803651642,0.38176569798877913
154,0.5093722592393237,0.10400829402569796,0.08266897999102119,0.09902243100719284,0.2049280357367642
155,0.022225937496888237,0.050741231025712236,0.26854344906263733,0.22029623498596979,0.43819314742879234
156,0.0667902617036716,0.0684859792040341,0.45489743032742036,0.07708913574841691,0.3327371930164571
157,0.2694640984228115,0.12075504814830255,0.22064087921477818,0.17369130641200822,0.21544866780209948
158,0.14590145338489827,0.29796963138720084,0.33493125520513317,0.07902817748883378,0.1421694825339339
159,0.27857287403022307,0.37224088984830306,0.1545036076292861,0.03346704931198841,0.16121557918019946
160,0.5938283362917113,0.067441767445241,0.02448845023214131,0.14235374997547837,0.17188769605542809
161,0.4233026504747771,0.16428969720671469,0.2638277474926551,0.05314067280023095,0.09543923202562221
162,0.6604685965505506,0.18221967725140972,0.1067324361512947,0.015221629756533033,0.03535766029021192
163,0.2469236171869872,0.024533086144220534,0.16458969394953324,0.5254703992596952,0.0384832034595638
164,0.06370008816774177,0.15929188392060262,0.4466738810251302,0.11545742694533519,0.21487671994119018
165,0.7583743267667442,0.005356985479741937,0.11949454718889696,0.06079131503184203,0.055982825532774894
166,0.12958110095548517,0.1818524722343774,0.5137476125643509,0.07429831244312202,0.10052050180266459
167,0.11924340837386267,0.3507138460393868,0.09702420485376746,0.29510504080689276,0.13791349992609025
168,0.05789175994310074,0.03646698111820444,0.3569284544240434,0.4746699374211512,0.07404286709350028
169,0.16827506013943755,0.00782373770944194,0.23714694890819096,0.19955859052412445,0.3871956627188051
170,0.303287729859409,0.184234927028013,0.02205497787745638,0.1902167127485807,0.30020565248654085
171,0.18390362129895443,0.4564513327590912,0.06942319213742033,0.17066159663716,0.11956025716737406
172,0.5850328148008881,0.08605196655539442,0.11346774962298554,0.16929975412931086,0.04614771489142111
173,0.19453812371031975,0.14943671399334202,0.23552689120946277,0.16438810241507443,0.25611016867180103
174,0.04291158334879443,0.06299570000017399,0.24508793027706718,0.6038879016296187,0.04511688474434572
175,0.12246191903600047,0.2990363420595387,0.35733059889629304,0.2161198763910245,0.0050512636171432534
176,0.09842649150607953,0.21964624807539448,0.11007079220588384,0.5133700854899136,0.05848638272272855
177,0.47845099508478717,0.07208086906578402,0.09498458769029638,0.2674553223586536,0.08702822580047886
178,0.5754253130552559,0.004736479053892469,0.08093758817029482,0.09406314119422876,0.24483747852632798
179,0.012491827606426283,0.1534220872399101,0.6139771347992535,0.12012701232675425,0.09998193802765576
180,0.3974173086969755,0.15428777725747217,0.0393925859634336,0.23223861113969127,0.17666371694242744
181,0.3619025457104574,0.013601299242749026,0.0667909010782,0.2969580231770627,0.26074723079153084
182,0.1747958102162119,0.3604083013457811,0.22730857851911734,0.00304819164701173,0.2344391182718779
183,0.10578975501506893,0.4206079112431815,0.197822070917897,0.1384168913445946,0.13736337147925803
184,0.0618054378537599,0.04915583497646319,0.21965871737900042,0.0661320059558993,0.6032480038348772
185,0.2603575016477202,0.12449128232267154,0.2875786416958632,0.17586302146891492,0.15170955286483
186,0.07735101565494919,0.13477708860913995,0.32741394470624224,0.032729814624723935,0.4277281364049448
187,0.24630460579018446,0.30565022088594107,0.31884525286509624,0.11462588172875106,0.014574038730027161
188,0.13705895372415047,0.016585581734923187,0.44244691784887924,0.05407929239757071,0.3498292542944764
189,0.22146507423102796,0.04334673683485319,0.3651310140187455,0.23415033373381627,0.13590684118155716
190,0.12681125146807382,0.09270610039814518,0.3713208154367958,0.40841245931689746,0.0007493733800878477
191,0.11100691503584728,0.21834504706412375,0.4800667779747852,0.0721476804474148,0.11843357947782895
192,0.02148153565097796,0.42060286351374754,0.3159779143626619,0.22290301221749406,0.01903467425511851
193,0.4278851806600802,0.0068220155445882155,0.12329468811424382,0.40830166732620615,0.033696448354881614
194,0.43924498604111345,0.4617453701023175,0.04287833713596156,0.0054283917927342865,0.050702914927873266
195,0.04303502543991596,0.2618733923160348,0.1255866800803341,0.03636480090736743,0.5331401012563477
196,0.5727249804730714,0.0024191908007441107,0.16749697290722826,0.21142185136382605,0.04593700445513005
197,0.03643299260968795,0.6977235868071019,0.08228707521954727,0.17489923776222863,0.008657107601434344
198,0.17636247960389123,0.08495147527838594,0.2999564125289995,0.36328091122287964,0.07544872136584369
199,0.1439409860200577,0.11576653141048844,0.04680537273860538,0.4429082215849611,0.25057888824588737
200,0.4739083581541841,0.25308006715493075,0.1762742846659689,0.07203776999271487,0.02469952003220155
201,0.35012126154895423,0.1085857876355773,0.3022085244405287,0.09423455074337012,0.1448498756315697
202,0.30033787508302734,0.20506422024704282,0.16607844779981562,0.2871245360357596,0.04139492083435459
203,0.22383309687084674,0.2876494186872973,0.030803017790369317,0.39498754849491796,0.06272691815656861
204,0.046755438264057606,0.27078412518019235,0.2671872088363978,0.16068637662057478,0.25458685109877743
205,0.08164822572488381,0.37874321724070104,0.3943118518651446,0.019326424315118045,0.12597028085415252
206,0.49961055726363635,0.04344769885424878,0.1501775597975101,0.027655618198290398,0.2791085658863143
207,0.20363510122724807,0.2031027078270079,0.12153216970287471,0.1921815387894641,0.27954848245340524
208,0.14347087518060325,0.0007585528940058404,0.3335534236071395,0.11423607534434915,0.4079810729739022
209,0.2275052401882019,0.11060492026974802,0.25721251120477356,0.2901096761266542,0.11456765221062226
210,0.169516862583183,7.764472439332918e-05,0.4167689869705366,0.1367133357309959,0.27692316999089117
211,0.032020312663572796,0.3477353207477142,0.15335314914217393,0.13420098551869372,0.3326902319278453
212,0.3944100641483482,0.18140686281558455,0.12543074730573325,0.09534840188343592,0.20340392384689798
213,0.013743588630847806,0.11586741189679037,0.5840583044123979,0.08607362563954478,0.2002570694204191
214,0.3430634492539211,0.5303483069057657,0.07261799506790777,0.0035314260143166055,0.050438822758088864
215,0.29658252071668356,0.20937155967789903,0.20713946904729802,0.10798606189164027,0.17892038866647908
216,0.09463302682365467,0.2640288145148384,0.005286611548684668,0.47197155104725674,0.16407999606556556
217,0.26896900629280407,0.02198598126688729,0.48195230161207375,0.07649843974014195,0.15059427108809298
218,0.11986118977642524,0.5305921907684206,0.1382080416076552,0.00861690183263178,0.20272167601486724
219,0.04449726769529277,0.16930978851101217,0.026845612051023243,0.41418612672924743,0.3451612050134244
220,0.23178014665033286,0.3328309515057494,0.3527794169111309,0.043108536730040066,0.039500948202746744
221,0.26977999700095456,0.324985692686607,0.054209579247600635,0.29429527231126695,0.05672945875357094
222,0.17681098714715293,0.1792020322706705,0.01831801851730491,0.14974792680697582,0.47592103525789586
223,0.12288284270771005,0.25788306862584737,0.11414930457010046,0.24699285622937447,0.25809192786696766
224,0.05276896024121879,0.1067351901082433,0.0882802828844148,0.5622738026670148,0.18994176409910835
225,0.0927957595391159,0.15017484487857924,0.1733199171020325,0.26696842647286073,0.31674105200741165
226,5.7523404338960756e-05,0.018835139096336165,0.30566563445712425,0.5624122219195091,0.11302948112269151
227,0.10517144957402902,0.00466539199335372,0.03643067882086981,0.48270500974944197,0.3710274698623055
228,0.09466213727010644,0.12384484827754906,0.11722513100919418,0.13316746616298555,0.5311004172801648
229,0.1425579623679383,0.16931228714864685,0.2723944589461545,0.1904802025892103,0.22525508894805002
230,0.13829979934652015,0.12007318544698792,0.6046259988301612,0.06388356714298472,0.07311744923334595
231,0.13293285610897385,0.07148243432356245,0.008687081204485055,0.21765886424350883,0.5692387641194698
232,0.29979730814755123,0.20052720356041043,0.18028927474942527,0.2536792097550234,0.06570700378758976
233,0.06889571204998991,0.5337076392330182,0.12689334538361552,0.10049520810585376,0.17000809522752258
234,0.09333327822965962,0.5301422341832497,0.32335829321815385,0.04010815698338331,0.013058037385553445
235,0.028011198711343603,0.03811849228862163,0.24260286438740547,0.17933586668187418,0.5119315779307552
236,0.26843036978879853,0.3888693319081496,0.09024428723650137,0.07489067802440103,0.1775653330421494
237,0.0,0.12017307775904743,0.22526592585310043,0.3037060870578971,0.3508549093299551
238,0.08769210357115956,0.4683051363029489,0.10520001367775016,0.1426953175115293,0.19610742893661215
239,0.1715026435802031,0.1536795149922202,0.20476962447208463,0.39915511515893076,0.07089310179656128
240,0.03199050159171993,0.2791509286473067,0.09623128358609283,0.31295873760580417,0.2796685485690764
241,0.13046084569459485,0.29445793848850993,0.04642104806718984,0.2885247961955881,0.24013537155411724
242,0.19720596469944876,0.08393483244978134,0.08223938765923904,0.27007576658763693,0.3665440486038939
243,0.0869997943556278,0.004219566142686557,0.003977281164725518,0.07686021176123403,0.8279431465757261
244,0.00870960308778845,0.20358184333150317,0.2878320976757307,0.25005774013681425,0.2498187157681634
245,0.17632153013709786,0.040792625693811466,0.16571317224736967,0.3477554859518648,0.2694171859698562
246,0.07675965810317362,0.5029157532288536,0.034029166191146966,0.13067323086184654,0.25562219161497923
247,0.07684564279770298,0.1663603472281577,0.19450553999602083,0.5309698328566168,0.031318637121501736
248,0.3390008596717016,0.2838705684373778,0.03081297031789706,0.1644430620044273,0.18187253956859617
249,0.4367833034353006,0.13659436561935548,0.14142914539207116,0.25347592441114347,0.03171726114212925
250,0.042241467007755364,0.3063585236146329,0.13706032254993383,0.4610143288427738,0.05332535798490401
251,0.022718709973113344,0.0820761177107659,0.6778676808958841,0.08480231091363351,0.13253518050660307
252,0.03440119678491019,0.18100765036396746,0.1853580342828314,0.12017139147870082,0.47906172708959016
253,0.39688279877380706,0.1687489733292466,0.1750546630113917,0.25009873751713113,0.009214827368423384
254,0.22311875003699944,0.16228167207252717,0.08950663199142173,0.3302349008509787,0.19485804504807303
255,0.4305054872730703,0.23436881084530456,0.0012637283071516507,0.2090357194790157,0.12482625409545789
256,0.36106810912623916,0.03507647156747935,0.27026927495697195,0.08058691024881107,0.2529992341004985
257,0.12057545622880518,0.014711051917113927,0.0243524749864108,0.4044714742902207,0.4358895425774494
258,0.26563654864016406,0.028329591115354474,0.3526754057573044,0.056797858740602385,0.2965605957465747
259,0.09627960253306947,0.05547026062823931,0.43259422959753674,0.22348978369090233,0.1921661235502522
260,0.12248904006514137,0.3098958448503252,0.34199422384130046,0.018704737773695797,0.20691615346953718
261,0.5138505933015192,0.15084559287899194,0.06393451483913525,0.10004752304849122,0.17132177593186249
262,0.1321380199113107,0.04021234001047111,0.7669131726982706,0.04442341424343132,0.01631305313651621
263,0.7768386046170348,0.11628425447972847,0.01396915695314526,0.06207808149154905,0.030829902458542446
264,0.07725015492888879,0.13778758274971653,0.2516674628159291,0.2645519316250356,0.26874286788043
265,0.1888398129985246,0.1439091855312,0.33886971287195095,0.17509279181375118,0.15328849678457324
266,0.2813249364689647,0.037445561212866775,0.3227054374345724,0.06264734085797682,0.29587672402561926
267,0.11459396141891412,0.41689457452543166,0.03151075258437355,0.20414633258251333,0.23285437888876737
268,0.08036330058391639,0.06763653445432272,0.2566604442108295,0.09510196351652384,0.5002377572344076
269,0.1959839131026577,0.023548046336209893,0.5231122454380365,0.05980689226103118,0.19754890286206472
270,0.4423213149674618,0.3093552352789611,0.08048313195167127,0.12984852478893058,0.03799179301297528
271,0.4409396114829003,0.0745211330234011,0.14781625047755131,0.07030905432411176,0.26641395069203555
272,0.042754211895767884,0.31036782322408124,0.45512616925144694,0.10688834738052727,0.08486344824817671
273,0.02299434714784168,0.1546014826711741,0.26146090568585884,0.43473933541657495,0.12620392907855038
274,0.19184594908580682,0.12075007542148804,0.4564827654434664,0.033379305704506604,0.19754190434473218
275,0.16756243420038466,0.05192434281881719,0.4289041006732184,0.21636170828426995,0.13524741402330986
276,0.39243700595857584,0.19148103320534673,0.20158117484876256,0.20560485942408696,0.008895926563227796
277,0.11830872943343097,0.21624414227112654,0.3894435709714655,0.17636891991595802,0.09963463740801892
278,0.23031563499099042,0.17115809207667637,0.18730378461395125,0.3642779826087378,0.046944505709644146
279,0.1597841093112165,0.25724412054100687,0.052045735325845735,0.12599857976609757,0.4049274550558333
280,0.3890126998988373,0.01643885756985998,0.14292015079114503,0.164872010006743,0.2867562817334147
281,0.18713030270043413,0.11011570154297355,0.4582164377013625,0.04113851286091787,0.20339904519431196
282,0.02623440004414295,0.44205229353054204,0.31232556832170644,0.1182970985033016,0.10109063960030695
283,0.5325271235693986,0.10770578279412774,0.1787492375106266,0.06942707699753226,0.11159077912831483
284,0.1113394826620448,0.04920706292305751,0.13524873883635644,0.6559943931554345,0.048210322423106744
285,0.10567423873178453,0.3241534641081223,0.23816090262948536,0.11333286017494748,0.21867853435566031
286,0.07462335112867063,0.016043964298623734,0.1715798346209048,0.5078318721803766,0.22992097777142417
287,0.46685044765480677,0.14523580606268302,0.13824381511584768,0.08763945143119077,0.1620304797354717
288,0.07132400667664131,0.0863761205885246,0.021043066223057457,0.6741799055529332,0.14707690095884351
289,0.2727907771695076,0.008069972590648917,0.045268520950159034,0.010532424381054804,0.6633383049086297
290,0.08603927858780525,0.24747025311567955,0.07501031249515507,0.29774658257198444,0.29373357322937577
291,0.11135620119235816,0.05244555454268976,0.2754271616898201,0.5227553275151556,0.03801575505997634
292,0.09647759658491727,0.03617166285054783,0.02183314069622006,0.44742687977255885,0.39809072009575597
293,0.19822177784764392,0.08651070594669542,0.47445468020787546,0.14780939759670766,0.09300343840107761
294,0.06359078957517056,0.602922265639211,0.1725198390886768,0.1397343150357753,0.021232790661166234
295,0.004285916075426748,0.04860168150122085,0.10865133792522033,0.4058115129868269,0.43264955151130513
296,0.22245119510714287,0.3665104174400581,0.11704391180335323,0.11226457787649795,0.1817298977729479
297,0.23428660332532328,0.11707718966368949,0.02309789574777713,0.2097133541826956,0.4158249570805145
298,0.13278556859402235,0.21769419916951366,0.5109084713842531,0.10590689692423227,0.032704863927978556
299,0.05860299917962476,0.09830769539500044,0.3623235045415114,0.08301987138586871,0.3977459294979946
300,0.13761897254170902,0.04826976081859196,0.3431331629055554,0.4709724826506731,5.621083470463972e-06
301,0.2038895449342539,0.11874340565546636,0.0957472514830663,0.44166804940590393,0.13995174852130954
302,0.3006811601830341,0.013862578182168532,0.23574915643319624,0.3456435197202465,0.10406358548135475
303,0.1600702970964076,0.15855846884036517,0.26329681175616515,0.05935962196177948,0.3587148003452826
304,0.11702941119257658,0.441884678826046,0.2304045417165165,0.1315869475772887,0.07909442068757222
305,0.09968769351732595,0.11748394382751313,0.1808468400983183,0.5761226472320733,0.02585887532476927
306,0.08578077246864374,0.5999493113274754,0.17588425787979037,0.09543386841652429,0.04295178990756621
307,0.004446426309796745,0.20169769553694525,0.1436247655261944,0.3434211164257973,0.30680999620126626
308,0.2076862130371582,0.02322589641606693,0.5040626021885829,0.024949074710997807,0.24007621364719411
309,0.15964377280971395,0.2990469141273393,0.165877581590952,0.3429503742885547,0.03248135718344003
310,0.13141981670735212,0.03376779056148109,0.0346715814625207,0.5682843785294253,0.23185643273922085
311,0.0,0.5495528929075106,0.07526470156221428,0.05887478827434745,0.3163076172559276
312,0.2694879706873503,0.4186584476375838,0.28052019896561686,0.016931880904851617,0.014401501804597316
313,0.03832783795818249,0.2015866251018338,0.07791944407287407,0.23562476093203524,0.4465413319350744
314,0.15581149932518423,0.16178083165205362,0.03776540526822542,0.6263129047035783,0.01832935905095856
315,0.21815791598644899,0.23112193257173255,0.22805365657239668,0.31841866928108414,0.004247825588337584
316,0.303079293662043,0.005461612900049899,0.05325669658621487,0.5301896154631442,0.10801278138854808
317,0.197060026722817,0.6165313087170653,0.0071908267808442426,0.12265082582796012,0.056567011951313306
318,0.023515801511682477,0.08891324695024024,0.4868060019796346,0.03592103915631335,0.36484391040212927
319,0.41870841324340397,0.06403697018114131,0.044822585118849255,0.1381786855664893,0.33425334589011624
320,0.34961809674910144,0.016709136300195174,0.3570937333412703,0.23173259573419985,0.04484643787523335
321,0.08296200178797195,0.14298654340761496,0.699143191245032,0.0,0.07490826355938107
322,0.2706312348608768,0.17871577527345567,0.19298838787322012,0.3374101018461678,0.020254500146279608
323,0.2386807154284075,0.03436956906927827,0.39793376051704615,0.32344168924073075,0.005574265744537232
324,0.16294932526964595,0.36832190401190773,0.24830283135366274,0.18418942865269275,0.036236510712090886
325,0.34131743333000963,0.05843852269669682,0.21760747943528544,0.02257558080113076,0.36006098373687734
326,0.0073232493351861,0.3185229135174609,0.14634438718896897,0.3497232718964216,0.17808617806196247
327,0.16715186154327857,0.06318420403349204,0.08317524965052119,0.09554931294835808,0.5909393718243501
328,0.17777367744284345,0.2351596070134836,0.17298656847381524,0.03245700449300038,0.38162314257685737
329,0.4183055713099193,0.03775520511013428,0.049806937670105716,0.12802481468477953,0.36610747122506115
330,0.24062469053387836,0.09084136831300982,0.09228696776534795,0.23335238078462678,0.34289459260313704
331,0.022773200037180478,0.3756538373418774,0.3342359495884772,0.1503118609962975,0.11702515203616737
332,0.14388607755570743,0.0243774339054873,0.19792737569201094,0.503967515090355,0.12984159775643933
333,0.16283774603850765,0.05514393509792558,0.414495307771303,0.08373609993546914,0.28378691115679466
334,0.08711143510916458,0.3834166197936001,0.30852472674125275,0.1009203526422437,0.12002686571373888
335,0.3959943794137536,0.13259810745975217,0.32288269777311357,0.0013618294928973318,0.14716298586048338
336,0.5956006792315206,0.1087252380483273,0.09691230804625628,0.09228510231515313,0.1064766723587427
337,0.3895568881781412,0.09189456478939677,0.10831679312018934,0.36690107962458773,0.04333067428768489
338,0.40352259238700033,0.05794109603434821,0.006553443349472464,0.27944538111623424,0.25253748711294477
339,0.47119205020340416,0.08342332579433574,0.09773934179528233,0.34184891648174676,0.005796365725231012
340,0.03326439856182897,0.1841048622797091,0.06551167037831677,0.1198080918181704,0.5973109769619748
341,0.13455840623594434,0.5314600494305464,0.1667331563395877,0.006512287321092362,0.16073610067282917
342,0.009401241932139271,0.22263624231955348,0.08863513471922609,0.35336727562790154,0.3259601054011796
343,0.41104773945280454,0.024520123685262275,0.16586185412123963,0.1155318172757904,0.2830384654649031
344,0.015868404054297253,0.21952239100758228,0.4751077412544177,0.24832251512503362,0.041178948558669104
345,0.14142704533009362,0.19266561932866083,0.04273500115546119,0.4322129799866976,0.19095935419908683
346,0.01647687370503522,0.037187872450905886,0.32369767953487705,0.3354675032001467,0.28717007110903525
347,0.0348824813889847,0.11346699736353293,0.420650237411295,0.11759724310932543,0.313403040726862
348,0.17560528480860088,0.4430984085809142,0.11138332058445242,0.20665324233228802,0.06325974369374443
349,0.15409836365161533,0.17274747531789747,0.03587240784750756,0.3644151227029086,0.2728666304800711
350,0.01968326830687807,0.20884389182146545,0.10252846279755067,0.4917037660159072,0.17724061105819855
351,0.3340130235177157,0.09006064621244671,0.0856485895856293,0.35297537285608277,0.13730236782812555
352,0.3358581529875846,0.15390998509306641,0.010093019485877945,0.40219788440337906,0.09794095803009206
353,0.011228919200449583,0.35355323690715645,0.3567000210385135,0.0838529265068657,0.19466489634701478
354,0.24806506489890215,0.04376158192833086,0.07511706570673526,0.062411381768633756,0.5706449056973979
355,0.03835347569824678,0.04645683905609037,0.8056343598132641,0.05227273421153139,0.05728259122086721
356,0.02840604776884178,0.29900261799143685,0.19062249523631775,0.09681234122222682,0.3851564977811768
357,0.04103092675220934,0.07698994699174713,0.48041094885649227,0.22510986949412584,0.17645830790542538
358,0.11006397633701248,0.07978767268021225,0.06299807893669994,0.7471502720460753,0.0
359,0.19771532561962912,0.02108657303787823,0.14144784242415298,0.14742854690436627,0.49232171201397346
360,0.0117532730355959,0.011681167503536288,0.09238201320545432,0.553013168430065,0.3311703778253485
361,0.009146421999303506,0.09124279058400173,0.6364295220182594,0.21822551476724422,0.04495575063119106
362,0.03749070197530422,0.030085119090099876,0.5299913658946434,0.2804774452706857,0.12195536776926685
363,0.1913521797995288,0.12033737071853087,0.10333863920532117,0.43627195951467934,0.1486998507619398
364,0.09460681497621459,0.14447790834367213,0.08263800294769383,0.4346399370721846,0.2436373366602348
365,0.15733990519778446,0.2529167768161374,0.010800300940592493,0.15263668445902057,0.4263063325864651
366,0.07350004160303583,0.4579514286392754,0.3257066508979138,0.010105230731699394,0.1327366481280755
367,0.2904341815205157,0.09523612792156604,0.17475142053116105,0.20556605264326652,0.23401221738349065
368,0.3071030139743834,0.09490047897661319,0.1982037217702395,0.2732292603321642,0.12656352494659973
369,0.3162887895463445,0.162459082182399,0.1591754213099038,0.1947571171377324,0.16731958982362038
370,0.1264564812170524,0.16829613826113013,0.31352417975307006,0.2126697945884033,0.17905340618034415
371,0.47834537573421326,0.02128030287100096,0.2640102278819552,0.03647402751213742,0.19989006600069315
372,0.053175976236822325,0.7280037194396236,0.06995427613976572,0.10608939238220512,0.042776635801583196
373,0.39810766985558405,0.004695464886846194,0.1621178960717299,0.35064251122059653,0.08443645796524335
374,0.23786805046604564,0.12037207070599917,0.5845426348935475,0.018340365994109695,0.03887687794029793
375,0.38928821182946877,0.3885370515498815,0.048607773400071996,0.12688076504295717,0.04668619817762043
376,0.070578030609953,0.4153364704239212,0.2875651368326449,0.08982146560630175,0.13669889652717915
377,0.11010286835546886,0.06019595114175761,0.43021506329018827,0.05340348120718245,0.3460826360054028
378,0.1081566130750127,0.21576367335199428,0.4906017826609675,0.1309149352550146,0.05456299565701095
379,0.2094035947324693,0.09191042547609002,0.4833335840241054,0.11901736774726766,0.09633502802006755
380,0.07699160422850965,0.446076981508946,0.0,0.33237341853916513,0.14455799572337924
381,0.0031294040340364127,0.03587722004731098,0.23148900116699794,0.23012774308906706,0.4993766316625876
382,0.1035132710611231,0.41817111680057256,0.05589762712851583,0.16047048636510858,0.2619474986446799
383,0.27850019920129815,0.09985229646487982,0.2864170466290417,0.27283468910844855,0.06239576859633178
384,0.31268049326781966,0.09743237952085364,0.2823965045326345,0.047838280093519654,0.25965234258517256
385,0.18107386131995326,0.04561702543649158,0.20531637238986702,0.050403411210631376,0.5175893296430567
386,0.30757626275749583,0.13343114449825322,0.18632819174099147,0.2724247537615908,0.10023964724166867
387,0.10606670098245406,0.39207823737320374,0.06443208002083108,0.3147691966266824,0.12265378499682877
388,0.11924330835182324,0.5819279060962831,0.04072980315833459,0.18734527757954839,0.07075370481401055
389,0.41230812449033616,0.0074887737831944735,0.2987552985970115,0.14491727447414968,0.13653052865530813
